         -1     1.50164
      -0.99     1.45607
      -0.98     1.41159
      -0.97     1.36817
      -0.96     1.32579
      -0.95     1.28443
      -0.94     1.24408
      -0.93     1.20471
      -0.92     1.16631
      -0.91     1.12886
       -0.9     1.09235
      -0.89     1.05674
      -0.88     1.02203
      -0.87    0.988201
      -0.86    0.955231
      -0.85    0.923107
      -0.84    0.891811
      -0.83    0.861328
      -0.82    0.831641
      -0.81    0.802735
       -0.8    0.774594
      -0.79    0.747203
      -0.78    0.720548
      -0.77    0.694613
      -0.76    0.669384
      -0.75    0.644846
      -0.74    0.620987
      -0.73    0.597791
      -0.72    0.575245
      -0.71    0.553337
       -0.7    0.532052
      -0.69    0.511378
      -0.68    0.491302
      -0.67    0.471811
      -0.66    0.452894
      -0.65    0.434537
      -0.64     0.41673
      -0.63     0.39946
      -0.62    0.382716
      -0.61    0.366487
       -0.6    0.350761
      -0.59    0.335527
      -0.58    0.320775
      -0.57    0.306494
      -0.56    0.292673
      -0.55    0.279303
      -0.54    0.266373
      -0.53    0.253874
      -0.52    0.241795
      -0.51    0.230128
       -0.5    0.218862
      -0.49    0.207989
      -0.48    0.197499
      -0.47    0.187383
      -0.46    0.177634
      -0.45    0.168242
      -0.44    0.159198
      -0.43    0.150495
      -0.42    0.142125
      -0.41    0.134079
       -0.4    0.126349
      -0.39    0.118929
      -0.38     0.11181
      -0.37    0.104984
      -0.36   0.0984457
      -0.35   0.0921865
      -0.34   0.0861999
      -0.33   0.0804788
      -0.32   0.0750167
      -0.31   0.0698069
       -0.3   0.0648428
      -0.29   0.0601182
      -0.28   0.0556267
      -0.27   0.0513623
      -0.26    0.047319
      -0.25   0.0434909
      -0.24   0.0398722
      -0.23   0.0364573
      -0.22   0.0332405
      -0.21   0.0302166
       -0.2   0.0273802
      -0.19    0.024726
      -0.18    0.022249
      -0.17   0.0199441
      -0.16   0.0178065
      -0.15   0.0158314
      -0.14    0.014014
      -0.13   0.0123498
      -0.12   0.0108343
      -0.11    0.009463
       -0.1  0.00823164
      -0.09  0.00713601
      -0.08  0.00617196
      -0.07  0.00533545
      -0.06  0.00462252
      -0.05  0.00402932
      -0.04  0.00355206
      -0.03  0.00318704
      -0.02  0.00293063
      -0.01  0.00277932
          0  0.00272964
       0.01  0.00277821
       0.02  0.00292173
       0.03  0.00315698
       0.04  0.00348082
       0.05  0.00389015
       0.06  0.00438199
       0.07  0.00495339
       0.08  0.00560149
       0.09  0.00632349
        0.1  0.00711668
       0.11  0.00797838
       0.12    0.008906
       0.13    0.009897
       0.14   0.0109489
       0.15   0.0120593
       0.16   0.0132259
       0.17   0.0144464
       0.18   0.0157184
       0.19     0.01704
        0.2   0.0184089
       0.21   0.0198231
       0.22   0.0212805
       0.23   0.0227793
       0.24   0.0243175
       0.25   0.0258933
       0.26   0.0275048
       0.27   0.0291503
       0.28   0.0308282
       0.29   0.0325367
        0.3   0.0342742
       0.31   0.0360393
       0.32   0.0378303
       0.33   0.0396458
       0.34   0.0414843
       0.35   0.0433445
       0.36    0.045225
       0.37   0.0471245
       0.38   0.0490417
       0.39   0.0509755
        0.4   0.0529246
       0.41   0.0548878
       0.42    0.056864
       0.43   0.0588522
       0.44   0.0608513
       0.45   0.0628603
       0.46   0.0648782
       0.47    0.066904
       0.48   0.0689369
       0.49   0.0709759
        0.5   0.0730203
       0.51   0.0750691
       0.52   0.0771215
       0.53   0.0791769
       0.54   0.0812344
       0.55   0.0832934
       0.56   0.0853532
       0.57    0.087413
       0.58   0.0894723
       0.59   0.0915305
        0.6   0.0935869
       0.61   0.0956411
       0.62   0.0976924
       0.63   0.0997403
       0.64    0.101784
       0.65    0.103824
       0.66    0.105859
       0.67    0.107889
       0.68    0.109913
       0.69    0.111931
        0.7    0.113943
       0.71    0.115948
       0.72    0.117945
       0.73    0.119936
       0.74    0.121918
       0.75    0.123893
       0.76    0.125859
       0.77    0.127817
       0.78    0.129765
       0.79    0.131705
        0.8    0.133636
       0.81    0.135556
       0.82    0.137468
       0.83    0.139369
       0.84     0.14126
       0.85    0.143142
       0.86    0.145012
       0.87    0.146873
       0.88    0.148723
       0.89    0.150562
        0.9     0.15239
       0.91    0.154207
       0.92    0.156014
       0.93    0.157809
       0.94    0.159593
       0.95    0.161366
       0.96    0.163128
       0.97    0.164878
       0.98    0.166617
       0.99    0.168345
          1    0.170062
       1.01    0.171767
       1.02     0.17346
       1.03    0.175143
       1.04    0.176813
       1.05    0.178473
       1.06    0.180121
       1.07    0.181758
       1.08    0.183383
       1.09    0.184997
        1.1      0.1866
       1.11    0.188191
       1.12    0.189772
       1.13    0.191341
       1.14    0.192899
       1.15    0.194446
       1.16    0.195982
       1.17    0.197507
       1.18    0.199021
       1.19    0.200524
        1.2    0.202017
       1.21    0.203499
       1.22     0.20497
       1.23     0.20643
       1.24     0.20788
       1.25    0.209319
       1.26    0.210748
       1.27    0.212167
       1.28    0.213576
       1.29    0.214974
        1.3    0.216362
       1.31     0.21774
       1.32    0.219108
       1.33    0.220467
       1.34    0.221815
       1.35    0.223154
       1.36    0.224483
       1.37    0.225802
       1.38    0.227112
       1.39    0.228413
        1.4    0.229704
       1.41    0.230986
       1.42    0.232258
       1.43    0.233522
       1.44    0.234776
       1.45    0.236021
       1.46    0.237257
       1.47    0.238485
       1.48    0.239703
       1.49    0.240913
        1.5    0.242114
       1.51    0.243307
       1.52     0.24449
       1.53    0.245666
       1.54    0.246832
       1.55    0.247991
       1.56    0.249141
       1.57    0.250282
       1.58    0.251416
       1.59    0.252541
        1.6    0.253658
       1.61    0.254766
       1.62    0.255867
       1.63     0.25696
       1.64    0.258044
       1.65    0.259121
       1.66     0.26019
       1.67     0.26125
       1.68    0.262303
       1.69    0.263348
        1.7    0.264385
       1.71    0.265415
       1.72    0.266436
       1.73     0.26745
       1.74    0.268456
       1.75    0.269454
       1.76    0.270445
       1.77    0.271427
       1.78    0.272402
       1.79     0.27337
        1.8     0.27433
       1.81    0.275282
       1.82    0.276226
       1.83    0.277163
       1.84    0.278091
       1.85    0.279013
       1.86    0.279926
       1.87    0.280832
       1.88     0.28173
       1.89    0.282621
        1.9    0.283503
       1.91    0.284378
       1.92    0.285245
       1.93    0.286105
       1.94    0.286956
       1.95      0.2878
       1.96    0.288636
       1.97    0.289464
       1.98    0.290284
       1.99    0.291096
          2      0.2919
       2.01    0.292696
       2.02    0.293485
       2.03    0.294265
       2.04    0.295037
       2.05    0.295801
       2.06    0.296556
       2.07    0.297304
       2.08    0.298043
       2.09    0.298774
        2.1    0.299496
       2.11    0.300211
       2.12    0.300916
       2.13    0.301614
       2.14    0.302303
       2.15    0.302983
       2.16    0.303654
       2.17    0.304317
       2.18    0.304972
       2.19    0.305617
        2.2    0.306254
       2.21    0.306882
       2.22      0.3075
       2.23     0.30811
       2.24    0.308711
       2.25    0.309303
       2.26    0.309886
       2.27    0.310459
       2.28    0.311023
       2.29    0.311578
        2.3    0.312124
       2.31     0.31266
       2.32    0.313187
       2.33    0.313704
       2.34    0.314212
       2.35     0.31471
       2.36    0.315198
       2.37    0.315676
       2.38    0.316145
       2.39    0.316604
        2.4    0.317053
       2.41    0.317492
       2.42    0.317921
       2.43     0.31834
       2.44    0.318748
       2.45    0.319147
       2.46    0.319535
       2.47    0.319913
       2.48    0.320281
       2.49    0.320638
        2.5    0.320985
       2.51    0.321322
       2.52    0.321647
       2.53    0.321963
       2.54    0.322267
       2.55    0.322561
       2.56    0.322844
       2.57    0.323117
       2.58    0.323378
       2.59    0.323629
        2.6    0.323869
       2.61    0.324097
       2.62    0.324315
       2.63    0.324522
       2.64    0.324718
       2.65    0.324903
       2.66    0.325076
       2.67    0.325239
       2.68     0.32539
       2.69     0.32553
        2.7    0.325658
       2.71    0.325776
       2.72    0.325882
       2.73    0.325977
       2.74     0.32606
       2.75    0.326132
       2.76    0.326193
       2.77    0.326242
       2.78     0.32628
       2.79    0.326306
        2.8    0.326321
       2.81    0.326324
       2.82    0.326316
       2.83    0.326296
       2.84    0.326265
       2.85    0.326222
       2.86    0.326168
       2.87    0.326102
       2.88    0.326025
       2.89    0.325936
        2.9    0.325836
       2.91    0.325724
       2.92      0.3256
       2.93    0.325465
       2.94    0.325319
       2.95    0.325161
       2.96    0.324991
       2.97     0.32481
       2.98    0.324618
       2.99    0.324414
          3    0.324199
       3.01    0.323972
       3.02    0.323734
       3.03    0.323485
       3.04    0.323224
       3.05    0.322952
       3.06    0.322668
       3.07    0.322374
       3.08    0.322068
       3.09    0.321751
        3.1    0.321423
       3.11    0.321084
       3.12    0.320734
       3.13    0.320373
       3.14        0.32
       3.15    0.319617
       3.16    0.319223
       3.17    0.318818
       3.18    0.318403
       3.19    0.317977
        3.2    0.317539
       3.21    0.317092
       3.22    0.316634
       3.23    0.316165
       3.24    0.315686
       3.25    0.315196
       3.26    0.314696
       3.27    0.314186
       3.28    0.313665
       3.29    0.313135
        3.3    0.312594
       3.31    0.312044
       3.32    0.311483
       3.33    0.310912
       3.34    0.310332
       3.35    0.309742
       3.36    0.309142
       3.37    0.308533
       3.38    0.307914
       3.39    0.307286
        3.4    0.306649
       3.41    0.306002
       3.42    0.305346
       3.43    0.304681
       3.44    0.304007
       3.45    0.303323
       3.46    0.302631
       3.47    0.301931
       3.48    0.301221
       3.49    0.300503
        3.5    0.299776
       3.51    0.299041
       3.52    0.298298
       3.53    0.297546
       3.54    0.296786
       3.55    0.296018
       3.56    0.295242
       3.57    0.294458
       3.58    0.293666
       3.59    0.292866
        3.6    0.292058
       3.61    0.291243
       3.62    0.290421
       3.63    0.289591
       3.64    0.288754
       3.65    0.287909
       3.66    0.287057
       3.67    0.286199
       3.68    0.285333
       3.69     0.28446
        3.7     0.28358
       3.71    0.282694
       3.72    0.281801
       3.73    0.280901
       3.74    0.279995
       3.75    0.279083
       3.76    0.278164
       3.77    0.277239
       3.78    0.276307
       3.79     0.27537
        3.8    0.274426
       3.81    0.273476
       3.82    0.272521
       3.83     0.27156
       3.84    0.270593
       3.85     0.26962
       3.86    0.268641
       3.87    0.267658
       3.88    0.266668
       3.89    0.265673
        3.9    0.264673
       3.91    0.263667
       3.92    0.262656
       3.93     0.26164
       3.94    0.260619
       3.95    0.259593
       3.96    0.258561
       3.97    0.257525
       3.98    0.256483
       3.99    0.255437
          4    0.254386
       4.01     0.25333
       4.02    0.252269
       4.03    0.251203
       4.04    0.250133
       4.05    0.249058
       4.06    0.247978
       4.07    0.246894
       4.08    0.245805
       4.09    0.244711
        4.1    0.243612
       4.11    0.242509
       4.12    0.241402
       4.13     0.24029
       4.14    0.239173
       4.15    0.238052
       4.16    0.236926
       4.17    0.235795
       4.18     0.23466
       4.19     0.23352
        4.2    0.232376
       4.21    0.231227
       4.22    0.230074
       4.23    0.228915
       4.24    0.227752
       4.25    0.226585
       4.26    0.225412
       4.27    0.224235
       4.28    0.223052
       4.29    0.221865
        4.3    0.220673
       4.31    0.219476
       4.32    0.218274
       4.33    0.217067
       4.34    0.215855
       4.35    0.214637
       4.36    0.213414
       4.37    0.212186
       4.38    0.210952
       4.39    0.209713
        4.4    0.208468
       4.41    0.207218
       4.42    0.205962
       4.43    0.204699
       4.44    0.203431
       4.45    0.202157
       4.46    0.200877
       4.47     0.19959
       4.48    0.198297
       4.49    0.196998
        4.5    0.195692
       4.51    0.194379
       4.52    0.193059
       4.53    0.191733
       4.54    0.190399
       4.55    0.189058
       4.56     0.18771
       4.57    0.186354
       4.58    0.184991
       4.59     0.18362
        4.6     0.18224
       4.61    0.180853
       4.62    0.179458
       4.63    0.178054
       4.64    0.176641
       4.65     0.17522
       4.66     0.17379
       4.67    0.172351
       4.68    0.170903
       4.69    0.169445
        4.7    0.167978
       4.71    0.166501
       4.72    0.165014
       4.73    0.163517
       4.74     0.16201
       4.75    0.160493
       4.76    0.158964
       4.77    0.157425
       4.78    0.155875
       4.79    0.154314
        4.8    0.152741
       4.81    0.151157
       4.82    0.149561
       4.83    0.147953
       4.84    0.146333
       4.85      0.1447
       4.86    0.143055
       4.87    0.141397
       4.88    0.139727
       4.89    0.138043
        4.9    0.136346
       4.91    0.134635
       4.92    0.132911
       4.93    0.131173
       4.94     0.12942
       4.95    0.127654
       4.96    0.125873
       4.97    0.124077
       4.98    0.122266
       4.99    0.120441
          5      0.1186
       5.01    0.116744
       5.02    0.114872
       5.03    0.112985
       5.04    0.111082
       5.05    0.109163
       5.06    0.107227
       5.07    0.105275
       5.08    0.103307
       5.09    0.101322
        5.1   0.0993202
       5.11   0.0973015
       5.12   0.0952657
       5.13   0.0932127
       5.14   0.0911424
       5.15   0.0890547
       5.16   0.0869495
       5.17   0.0848266
       5.18    0.082686
       5.19   0.0805275
        5.2   0.0783512
       5.21    0.076157
       5.22   0.0739447
       5.23   0.0717144
       5.24    0.069466
       5.25   0.0671995
       5.26   0.0649148
       5.27    0.062612
       5.28    0.060291
       5.29   0.0579519
        5.3   0.0555946
       5.31   0.0532193
       5.32    0.050826
       5.33   0.0484147
       5.34   0.0459856
       5.35   0.0435387
       5.36    0.041074
       5.37   0.0385919
       5.38   0.0360923
       5.39   0.0335755
        5.4   0.0310416
       5.41   0.0284908
       5.42   0.0259233
       5.43   0.0233393
       5.44   0.0207391
       5.45    0.018123
       5.46   0.0154912
       5.47    0.012844
       5.48   0.0101818
       5.49  0.00750483
        5.5  0.00481357
       5.51  0.00210837
       5.52 -0.00061036
       5.53 -0.00334217
       5.54 -0.00608661
       5.55 -0.00884317
       5.56  -0.0116114
       5.57  -0.0143906
       5.58  -0.0171804
       5.59  -0.0199801
        5.6   -0.022789
       5.61  -0.0256066
       5.62  -0.0284321
       5.63  -0.0312649
       5.64  -0.0341041
       5.65  -0.0369491
       5.66  -0.0397989
       5.67  -0.0426527
       5.68  -0.0455097
       5.69   -0.048369
        5.7  -0.0512295
       5.71  -0.0540903
       5.72  -0.0569504
       5.73  -0.0598087
       5.74  -0.0626641
       5.75  -0.0655154
       5.76  -0.0683615
       5.77  -0.0712011
       5.78  -0.0740329
       5.79  -0.0768557
        5.8  -0.0796681
       5.81  -0.0824686
       5.82  -0.0852558
       5.83  -0.0880282
       5.84  -0.0907843
       5.85  -0.0935225
       5.86   -0.096241
       5.87  -0.0989382
       5.88   -0.101612
       5.89   -0.104262
        5.9   -0.106884
       5.91   -0.109478
       5.92   -0.112041
       5.93   -0.114572
       5.94   -0.117068
       5.95   -0.119527
       5.96   -0.121947
       5.97   -0.124325
       5.98    -0.12666
       5.99   -0.128948
          6   -0.131188
       6.01   -0.133377
       6.02   -0.135512
       6.03   -0.137591
       6.04    -0.13961
       6.05   -0.141567
       6.06    -0.14346
       6.07   -0.145284
       6.08   -0.147038
       6.09   -0.148717
        6.1    -0.15032
       6.11   -0.151842
       6.12    -0.15328
       6.13    -0.15463
       6.14    -0.15589
       6.15   -0.157056
       6.16   -0.158123
       6.17   -0.159088
       6.18   -0.159948
       6.19   -0.160698
        6.2   -0.161334
       6.21   -0.161852
       6.22   -0.162248
       6.23   -0.162517
       6.24   -0.162655
       6.25   -0.162658
       6.26    -0.16252
       6.27   -0.162238
       6.28   -0.161805
       6.29   -0.161218
        6.3   -0.160471
       6.31    -0.15956
       6.32   -0.158477
       6.33    -0.15722
       6.34   -0.155781
       6.35   -0.154155
       6.36   -0.152336
       6.37   -0.150319
       6.38   -0.148098
       6.39   -0.145666
        6.4   -0.143017
       6.41   -0.140145
       6.42   -0.137043
       6.43   -0.133705
       6.44   -0.130124
       6.45   -0.126292
       6.46   -0.122204
       6.47   -0.117852
       6.48   -0.113228
       6.49   -0.108325
        6.5   -0.103135
       6.51  -0.0976515
       6.52  -0.0918654
       6.53  -0.0857691
       6.54  -0.0793542
       6.55  -0.0726124
       6.56  -0.0655353
       6.57  -0.0581142
       6.58  -0.0503401
       6.59  -0.0422042
        6.6  -0.0336972
       6.61  -0.0248099
       6.62  -0.0155326
       6.63 -0.00585575
       6.64  0.00423052
       6.65   0.0147363
       6.66   0.0256717
       6.67   0.0370471
       6.68   0.0488733
       6.69   0.0611608
        6.7   0.0739207
       6.71   0.0871641
       6.72    0.100902
       6.73    0.115147
       6.74     0.12991
       6.75    0.145203
       6.76    0.161038
       6.77    0.177428
       6.78    0.194384
       6.79    0.211921
        6.8    0.230051
       6.81    0.248786
       6.82    0.268141
       6.83     0.28813
       6.84    0.308765
       6.85    0.330062
       6.86    0.352034
       6.87    0.374696
       6.88    0.398063
       6.89     0.42215
        6.9    0.446972
       6.91    0.472544
       6.92    0.498883
       6.93    0.526005
       6.94    0.553926
       6.95    0.582662
       6.96     0.61223
       6.97    0.642647
       6.98    0.673931
       6.99    0.706099
          7     0.73917
       7.01     0.77316
       7.02    0.808089
       7.03    0.843976
