          -1     -4.61161
       -0.99     -4.50234
       -0.98     -4.39507
       -0.97     -4.28979
       -0.96     -4.18645
       -0.95     -4.08505
       -0.94     -3.98554
       -0.93     -3.88789
       -0.92     -3.79209
       -0.91      -3.6981
        -0.9      -3.6059
       -0.89     -3.51545
       -0.88     -3.42674
       -0.87     -3.33973
       -0.86     -3.25441
       -0.85     -3.17073
       -0.84     -3.08869
       -0.83     -3.00825
       -0.82      -2.9294
       -0.81      -2.8521
        -0.8     -2.77632
       -0.79     -2.70206
       -0.78     -2.62928
       -0.77     -2.55796
       -0.76     -2.48808
       -0.75     -2.41962
       -0.74     -2.35254
       -0.73     -2.28684
       -0.72     -2.22249
       -0.71     -2.15946
        -0.7     -2.09774
       -0.69      -2.0373
       -0.68     -1.97813
       -0.67      -1.9202
       -0.66     -1.86349
       -0.65     -1.80798
       -0.64     -1.75366
       -0.63      -1.7005
       -0.62     -1.64848
       -0.61     -1.59759
        -0.6     -1.54781
       -0.59     -1.49911
       -0.58     -1.45148
       -0.57      -1.4049
       -0.56     -1.35936
       -0.55     -1.31483
       -0.54      -1.2713
       -0.53     -1.22875
       -0.52     -1.18716
       -0.51     -1.14652
        -0.5     -1.10681
       -0.49     -1.06801
       -0.48     -1.03011
       -0.47    -0.993093
       -0.46    -0.956942
       -0.45    -0.921642
       -0.44    -0.887177
       -0.43    -0.853533
       -0.42    -0.820695
       -0.41    -0.788647
        -0.4    -0.757376
       -0.39    -0.726867
       -0.38    -0.697106
       -0.37     -0.66808
       -0.36    -0.639774
       -0.35    -0.612175
       -0.34     -0.58527
       -0.33    -0.559046
       -0.32     -0.53349
       -0.31    -0.508588
        -0.3     -0.48433
       -0.29    -0.460701
       -0.28     -0.43769
       -0.27    -0.415286
       -0.26    -0.393475
       -0.25    -0.372247
       -0.24    -0.351589
       -0.23    -0.331492
       -0.22    -0.311942
       -0.21     -0.29293
        -0.2    -0.274445
       -0.19    -0.256475
       -0.18    -0.239011
       -0.17    -0.222042
       -0.16    -0.205557
       -0.15    -0.189548
       -0.14    -0.174003
       -0.13    -0.158913
       -0.12    -0.144269
       -0.11    -0.130061
        -0.1     -0.11628
       -0.09    -0.102916
       -0.08   -0.0899615
       -0.07   -0.0774064
       -0.06   -0.0652424
       -0.05   -0.0534609
       -0.04   -0.0420534
       -0.03   -0.0310117
       -0.02   -0.0203276
       -0.01  -0.00999296
           0 -1.50341e-17
        0.01   0.00965911
        0.02     0.018992
        0.03    0.0280062
        0.04    0.0367091
        0.05     0.045108
        0.06      0.05321
        0.07    0.0610222
        0.08    0.0685514
        0.09    0.0758044
         0.1     0.082788
        0.11    0.0895086
        0.12    0.0959727
        0.13     0.102187
        0.14     0.108157
        0.15     0.113889
        0.16     0.119389
        0.17     0.124663
        0.18     0.129717
        0.19     0.134557
         0.2     0.139188
        0.21     0.143615
        0.22     0.147844
        0.23      0.15188
        0.24     0.155728
        0.25     0.159394
        0.26     0.162882
        0.27     0.166198
        0.28     0.169345
        0.29      0.17233
         0.3     0.175155
        0.31     0.177826
        0.32     0.180348
        0.33     0.182724
        0.34     0.184959
        0.35     0.187057
        0.36     0.189023
        0.37     0.190859
        0.38      0.19257
        0.39      0.19416
         0.4     0.195632
        0.41     0.196991
        0.42      0.19824
        0.43     0.199382
        0.44     0.200421
        0.45      0.20136
        0.46     0.202202
        0.47     0.202951
        0.48      0.20361
        0.49     0.204182
         0.5      0.20467
        0.51     0.205076
        0.52     0.205405
        0.53     0.205657
        0.54     0.205838
        0.55     0.205948
        0.56     0.205991
        0.57     0.205968
        0.58     0.205884
        0.59      0.20574
         0.6     0.205538
        0.61      0.20528
        0.62      0.20497
        0.63     0.204609
        0.64     0.204199
        0.65     0.203743
        0.66     0.203242
        0.67     0.202699
        0.68     0.202115
        0.69     0.201492
         0.7     0.200833
        0.71     0.200138
        0.72      0.19941
        0.73      0.19865
        0.74      0.19786
        0.75     0.197041
        0.76     0.196196
        0.77     0.195324
        0.78     0.194429
        0.79     0.193511
         0.8     0.192572
        0.81     0.191613
        0.82     0.190636
        0.83      0.18964
        0.84     0.188629
        0.85     0.187603
        0.86     0.186562
        0.87     0.185509
        0.88     0.184444
        0.89     0.183368
         0.9     0.182282
        0.91     0.181187
        0.92     0.180084
        0.93     0.178974
        0.94     0.177858
        0.95     0.176737
        0.96     0.175611
        0.97      0.17448
        0.98     0.173347
        0.99     0.172211
           1     0.171073
        1.01     0.169934
        1.02     0.168794
        1.03     0.167654
        1.04     0.166515
        1.05     0.165377
        1.06      0.16424
        1.07     0.163105
        1.08     0.161973
        1.09     0.160843
         1.1     0.159717
        1.11     0.158594
        1.12     0.157476
        1.13     0.156361
        1.14     0.155252
        1.15     0.154147
        1.16     0.153048
        1.17     0.151953
        1.18     0.150865
        1.19     0.149783
         1.2     0.148707
        1.21     0.147637
        1.22     0.146573
        1.23     0.145517
        1.24     0.144467
        1.25     0.143423
        1.26     0.142387
        1.27     0.141358
        1.28     0.140337
        1.29     0.139322
         1.3     0.138315
        1.31     0.137315
        1.32     0.136322
        1.33     0.135337
        1.34     0.134359
        1.35     0.133388
        1.36     0.132425
        1.37     0.131469
        1.38      0.13052
        1.39     0.129578
         1.4     0.128644
        1.41     0.127716
        1.42     0.126796
        1.43     0.125882
        1.44     0.124975
        1.45     0.124075
        1.46     0.123182
        1.47     0.122295
        1.48     0.121414
        1.49     0.120539
         1.5     0.119671
        1.51     0.118808
        1.52     0.117951
        1.53       0.1171
        1.54     0.116254
        1.55     0.115414
        1.56     0.114579
        1.57     0.113748
        1.58     0.112923
        1.59     0.112102
         1.6     0.111285
        1.61     0.110473
        1.62     0.109665
        1.63      0.10886
        1.64     0.108059
        1.65     0.107262
        1.66     0.106468
        1.67     0.105677
        1.68     0.104889
        1.69     0.104104
         1.7     0.103321
        1.71     0.102541
        1.72     0.101762
        1.73     0.100986
        1.74     0.100211
        1.75    0.0994374
        1.76    0.0986653
        1.77    0.0978942
        1.78    0.0971241
        1.79    0.0963546
         1.8    0.0955856
        1.81    0.0948169
        1.82    0.0940483
        1.83    0.0932796
        1.84    0.0925106
        1.85    0.0917411
        1.86    0.0909709
        1.87    0.0901999
        1.88    0.0894278
        1.89    0.0886545
         1.9    0.0878798
        1.91    0.0871035
        1.92    0.0863254
        1.93    0.0855455
        1.94    0.0847634
        1.95    0.0839791
        1.96    0.0831923
        1.97     0.082403
        1.98    0.0816109
        1.99    0.0808159
           2    0.0800179
        2.01    0.0792167
        2.02    0.0784122
        2.03    0.0776042
        2.04    0.0767927
        2.05    0.0759774
        2.06    0.0751582
        2.07     0.074335
        2.08    0.0735078
        2.09    0.0726764
         2.1    0.0718406
        2.11    0.0710004
        2.12    0.0701557
        2.13    0.0693064
        2.14    0.0684523
        2.15    0.0675935
        2.16    0.0667298
        2.17    0.0658611
        2.18    0.0649873
        2.19    0.0641085
         2.2    0.0632245
        2.21    0.0623352
        2.22    0.0614407
        2.23    0.0605408
        2.24    0.0596355
        2.25    0.0587248
        2.26    0.0578086
        2.27    0.0568869
        2.28    0.0559597
        2.29    0.0550269
         2.3    0.0540885
        2.31    0.0531446
        2.32    0.0521951
        2.33    0.0512399
        2.34    0.0502791
        2.35    0.0493128
        2.36    0.0483408
        2.37    0.0473633
        2.38    0.0463802
        2.39    0.0453915
         2.4    0.0443973
        2.41    0.0433977
        2.42    0.0423926
        2.43     0.041382
        2.44    0.0403662
        2.45    0.0393449
        2.46    0.0383185
        2.47    0.0372868
        2.48    0.0362499
        2.49     0.035208
         2.5     0.034161
        2.51    0.0331091
        2.52    0.0320523
        2.53    0.0309908
        2.54    0.0299245
        2.55    0.0288536
        2.56    0.0277782
        2.57    0.0266983
        2.58    0.0256141
        2.59    0.0245257
         2.6    0.0234331
        2.61    0.0223366
        2.62    0.0212361
        2.63    0.0201318
        2.64    0.0190239
        2.65    0.0179124
        2.66    0.0167975
        2.67    0.0156793
        2.68     0.014558
        2.69    0.0134336
         2.7    0.0123063
        2.71    0.0111763
        2.72    0.0100436
        2.73   0.00890847
        2.74   0.00777101
        2.75   0.00663137
        2.76   0.00548971
        2.77   0.00434617
        2.78   0.00320091
        2.79   0.00205409
         2.8  0.000905863
        2.81 -0.000243609
        2.82  -0.00139416
        2.83  -0.00254564
        2.84  -0.00369787
        2.85  -0.00485069
        2.86  -0.00600393
        2.87  -0.00715743
        2.88    -0.008311
        2.89   -0.0094645
         2.9   -0.0106177
        2.91   -0.0117705
        2.92   -0.0129227
        2.93   -0.0140742
        2.94   -0.0152246
        2.95    -0.016374
        2.96    -0.017522
        2.97   -0.0186686
        2.98   -0.0198135
        2.99   -0.0209566
           3   -0.0220977
        3.01   -0.0232366
        3.02   -0.0243732
        3.03   -0.0255073
        3.04   -0.0266386
        3.05   -0.0277671
        3.06   -0.0288926
        3.07   -0.0300148
        3.08   -0.0311336
        3.09    -0.032249
         3.1   -0.0333605
        3.11   -0.0344682
        3.12   -0.0355719
        3.13   -0.0366713
        3.14   -0.0377664
        3.15   -0.0388569
        3.16   -0.0399427
        3.17   -0.0410237
        3.18   -0.0420997
        3.19   -0.0431705
         3.2   -0.0442359
        3.21    -0.045296
        3.22   -0.0463504
        3.23    -0.047399
        3.24   -0.0484418
        3.25   -0.0494785
        3.26    -0.050509
        3.27   -0.0515333
        3.28   -0.0525511
        3.29   -0.0535623
         3.3   -0.0545669
        3.31   -0.0555646
        3.32   -0.0565554
        3.33   -0.0575392
        3.34   -0.0585158
        3.35   -0.0594852
        3.36   -0.0604471
        3.37   -0.0614016
        3.38   -0.0623486
        3.39   -0.0632879
         3.4   -0.0642194
        3.41   -0.0651431
        3.42   -0.0660589
        3.43   -0.0669667
        3.44   -0.0678664
        3.45    -0.068758
        3.46   -0.0696414
        3.47   -0.0705165
        3.48   -0.0713833
        3.49   -0.0722418
         3.5   -0.0730918
        3.51   -0.0739334
        3.52   -0.0747665
        3.53   -0.0755911
        3.54   -0.0764071
        3.55   -0.0772146
        3.56   -0.0780134
        3.57   -0.0788037
        3.58   -0.0795854
        3.59   -0.0803584
         3.6   -0.0811229
        3.61   -0.0818787
        3.62    -0.082626
        3.63   -0.0833647
        3.64   -0.0840949
        3.65   -0.0848166
        3.66   -0.0855298
        3.67   -0.0862345
        3.68   -0.0869309
        3.69    -0.087619
         3.7   -0.0882987
        3.71   -0.0889703
        3.72   -0.0896337
        3.73   -0.0902891
        3.74   -0.0909364
        3.75   -0.0915759
        3.76   -0.0922076
        3.77   -0.0928315
        3.78   -0.0934479
        3.79   -0.0940567
         3.8   -0.0946581
        3.81   -0.0952523
        3.82   -0.0958394
        3.83   -0.0964194
        3.84   -0.0969926
        3.85    -0.097559
        3.86   -0.0981189
        3.87   -0.0986723
        3.88   -0.0992195
        3.89   -0.0997606
         3.9    -0.100296
        3.91    -0.100825
        3.92    -0.101349
        3.93    -0.101867
        3.94    -0.102381
        3.95    -0.102889
        3.96    -0.103393
        3.97    -0.103892
        3.98    -0.104386
        3.99    -0.104877
           4    -0.105363
        4.01    -0.105846
        4.02    -0.106325
        4.03    -0.106802
        4.04    -0.107275
        4.05    -0.107745
        4.06    -0.108214
        4.07     -0.10868
        4.08    -0.109144
        4.09    -0.109606
         4.1    -0.110067
        4.11    -0.110527
        4.12    -0.110986
        4.13    -0.111444
        4.14    -0.111902
        4.15    -0.112361
        4.16    -0.112819
        4.17    -0.113279
        4.18    -0.113739
        4.19    -0.114201
         4.2    -0.114664
        4.21    -0.115129
        4.22    -0.115596
        4.23    -0.116066
        4.24    -0.116538
        4.25    -0.117014
        4.26    -0.117494
        4.27    -0.117977
        4.28    -0.118464
        4.29    -0.118956
         4.3    -0.119453
        4.31    -0.119955
        4.32    -0.120462
        4.33    -0.120976
        4.34    -0.121495
        4.35    -0.122022
        4.36    -0.122555
        4.37    -0.123095
        4.38    -0.123643
        4.39    -0.124199
         4.4    -0.124763
        4.41    -0.125336
        4.42    -0.125918
        4.43    -0.126509
        4.44     -0.12711
        4.45    -0.127721
        4.46    -0.128343
        4.47    -0.128975
        4.48    -0.129618
        4.49    -0.130273
         4.5    -0.130939
        4.51    -0.131617
        4.52    -0.132308
        4.53    -0.133011
        4.54    -0.133728
        4.55    -0.134457
        4.56    -0.135201
        4.57    -0.135958
        4.58     -0.13673
        4.59    -0.137516
         4.6    -0.138317
        4.61    -0.139133
        4.62    -0.139964
        4.63    -0.140812
        4.64    -0.141675
        4.65    -0.142554
        4.66     -0.14345
        4.67    -0.144363
        4.68    -0.145292
        4.69    -0.146239
         4.7    -0.147203
        4.71    -0.148185
        4.72    -0.149185
        4.73    -0.150202
        4.74    -0.151238
        4.75    -0.152292
        4.76    -0.153365
        4.77    -0.154456
        4.78    -0.155567
        4.79    -0.156696
         4.8    -0.157844
        4.81    -0.159011
        4.82    -0.160197
        4.83    -0.161403
        4.84    -0.162628
        4.85    -0.163872
        4.86    -0.165136
        4.87    -0.166419
        4.88    -0.167722
        4.89    -0.169044
         4.9    -0.170385
        4.91    -0.171746
        4.92    -0.173126
        4.93    -0.174524
        4.94    -0.175942
        4.95    -0.177379
        4.96    -0.178834
        4.97    -0.180308
        4.98      -0.1818
        4.99     -0.18331
           5    -0.184838
        5.01    -0.186383
        5.02    -0.187946
        5.03    -0.189525
        5.04    -0.191121
        5.05    -0.192734
        5.06    -0.194362
        5.07    -0.196005
        5.08    -0.197664
        5.09    -0.199337
         5.1    -0.201024
        5.11    -0.202724
        5.12    -0.204437
        5.13    -0.206162
        5.14    -0.207899
        5.15    -0.209647
        5.16    -0.211406
        5.17    -0.213173
        5.18     -0.21495
        5.19    -0.216735
         5.2    -0.218526
        5.21    -0.220324
        5.22    -0.222128
        5.23    -0.223935
        5.24    -0.225747
        5.25     -0.22756
        5.26    -0.229376
        5.27    -0.231191
        5.28    -0.233006
        5.29    -0.234818
         5.3    -0.236627
        5.31    -0.238432
        5.32    -0.240231
        5.33    -0.242023
        5.34    -0.243806
        5.35    -0.245579
        5.36     -0.24734
        5.37    -0.249089
        5.38    -0.250823
        5.39     -0.25254
         5.4    -0.254239
        5.41    -0.255919
        5.42    -0.257577
        5.43    -0.259211
        5.44    -0.260821
        5.45    -0.262403
        5.46    -0.263955
        5.47    -0.265476
        5.48    -0.266964
        5.49    -0.268416
         5.5     -0.26983
        5.51    -0.271203
        5.52    -0.272534
        5.53     -0.27382
        5.54    -0.275058
        5.55    -0.276246
        5.56    -0.277381
        5.57    -0.278461
        5.58    -0.279482
        5.59    -0.280442
         5.6    -0.281338
        5.61    -0.282168
        5.62    -0.282927
        5.63    -0.283612
        5.64    -0.284222
        5.65    -0.284751
        5.66    -0.285198
        5.67    -0.285558
        5.68    -0.285828
        5.69    -0.286005
         5.7    -0.286085
        5.71    -0.286063
        5.72    -0.285937
        5.73    -0.285702
        5.74    -0.285354
        5.75     -0.28489
        5.76    -0.284305
        5.77    -0.283594
        5.78    -0.282754
        5.79     -0.28178
         5.8    -0.280667
        5.81    -0.279412
        5.82    -0.278008
        5.83    -0.276452
        5.84    -0.274738
        5.85    -0.272861
        5.86    -0.270817
        5.87      -0.2686
        5.88    -0.266204
        5.89    -0.263625
         5.9    -0.260857
        5.91    -0.257894
        5.92     -0.25473
        5.93     -0.25136
        5.94    -0.247777
        5.95    -0.243976
        5.96    -0.239951
        5.97    -0.235694
        5.98    -0.231201
        5.99    -0.226463
           6    -0.221475
        6.01     -0.21623
        6.02     -0.21072
        6.03     -0.20494
        6.04    -0.198881
        6.05    -0.192536
        6.06    -0.185899
        6.07    -0.178961
        6.08    -0.171716
        6.09    -0.164154
         6.1    -0.156268
        6.11    -0.148051
        6.12    -0.139494
        6.13    -0.130589
        6.14    -0.121326
        6.15    -0.111699
        6.16    -0.101697
        6.17   -0.0913125
        6.18   -0.0805359
        6.19   -0.0693582
         6.2     -0.05777
        6.21   -0.0457618
        6.22    -0.033324
        6.23   -0.0204469
        6.24   -0.0071205
        6.25   0.00666529
        6.26    0.0209207
        6.27    0.0356562
        6.28    0.0508822
        6.29    0.0666096
         6.3    0.0828493
        6.31    0.0996123
        6.32      0.11691
        6.33     0.134753
        6.34     0.153154
        6.35     0.172125
        6.36     0.191676
        6.37     0.211821
        6.38     0.232571
        6.39      0.25394
         6.4     0.275939
        6.41     0.298582
        6.42     0.321881
        6.43      0.34585
        6.44     0.370503
        6.45     0.395852
        6.46     0.421911
        6.47     0.448696
        6.48     0.476219
        6.49     0.504495
         6.5     0.533539
        6.51     0.563365
        6.52     0.593989
        6.53     0.625426
        6.54     0.657691
        6.55     0.690799
        6.56     0.724767
        6.57     0.759611
        6.58     0.795347
        6.59     0.831991
         6.6      0.86956
        6.61     0.908072
        6.62     0.947543
        6.63      0.98799
        6.64      1.02943
        6.65      1.07189
        6.66      1.11537
        6.67       1.1599
        6.68       1.2055
        6.69      1.25219
         6.7      1.29998
        6.71      1.34889
        6.72      1.39895
        6.73      1.45018
        6.74      1.50258
        6.75      1.55619
        6.76      1.61103
        6.77      1.66711
        6.78      1.72446
        6.79      1.78309
         6.8      1.84304
        6.81      1.90432
        6.82      1.96695
        6.83      2.03095
        6.84      2.09636
        6.85      2.16319
        6.86      2.23146
        6.87       2.3012
        6.88      2.37243
        6.89      2.44518
         6.9      2.51947
        6.91      2.59533
        6.92      2.67278
        6.93      2.75184
        6.94      2.83255
        6.95      2.91492
        6.96      2.99899
        6.97      3.08477
        6.98      3.17231
        6.99      3.26162
           7      3.35273
        7.01      3.44567
        7.02      3.54047
        7.03      3.63715
