          -1       1.5948
       -0.99      1.54311
       -0.98      1.49277
       -0.97      1.44375
       -0.96      1.39603
       -0.95      1.34957
       -0.94      1.30435
       -0.93      1.26034
       -0.92      1.21752
       -0.91      1.17586
        -0.9      1.13533
       -0.89      1.09592
       -0.88      1.05759
       -0.87      1.02033
       -0.86     0.984105
       -0.85     0.948899
       -0.84     0.914687
       -0.83     0.881448
       -0.82     0.849159
       -0.81       0.8178
        -0.8      0.78735
       -0.79     0.757787
       -0.78     0.729093
       -0.77     0.701246
       -0.76     0.674228
       -0.75     0.648019
       -0.74     0.622602
       -0.73     0.597956
       -0.72     0.574065
       -0.71      0.55091
        -0.7     0.528475
       -0.69     0.506741
       -0.68     0.485694
       -0.67     0.465315
       -0.66     0.445589
       -0.65       0.4265
       -0.64     0.408032
       -0.63     0.390172
       -0.62     0.372902
       -0.61      0.35621
        -0.6      0.34008
       -0.59     0.324499
       -0.58     0.309453
       -0.57     0.294928
       -0.56     0.280911
       -0.55      0.26739
       -0.54     0.254351
       -0.53     0.241782
       -0.52     0.229671
       -0.51     0.218007
        -0.5     0.206776
       -0.49     0.195969
       -0.48     0.185573
       -0.47     0.175578
       -0.46     0.165973
       -0.45     0.156747
       -0.44     0.147891
       -0.43     0.139393
       -0.42     0.131246
       -0.41     0.123437
        -0.4     0.115959
       -0.39     0.108802
       -0.38     0.101957
       -0.37    0.0954155
       -0.36    0.0891682
       -0.35     0.083207
       -0.34    0.0775236
       -0.33      0.07211
       -0.32    0.0669582
       -0.31    0.0620607
        -0.3    0.0574097
       -0.29    0.0529981
       -0.28    0.0488186
       -0.27    0.0448642
       -0.26     0.041128
       -0.25    0.0376033
       -0.24    0.0342836
       -0.23    0.0311625
       -0.22    0.0282338
       -0.21    0.0254914
        -0.2    0.0229293
       -0.19    0.0205418
       -0.18    0.0183232
       -0.17     0.016268
       -0.16    0.0143709
       -0.15    0.0126265
       -0.14    0.0110299
       -0.13    0.0095759
       -0.12   0.00825978
       -0.11   0.00707677
        -0.1   0.00602227
       -0.09   0.00509179
       -0.08   0.00428095
       -0.07    0.0035855
       -0.06   0.00300128
       -0.05   0.00252426
       -0.04   0.00215052
       -0.03   0.00187622
       -0.02   0.00169766
       -0.01    0.0016112
           0   0.00161333
        0.01   0.00170064
        0.02   0.00186979
        0.03   0.00211755
        0.04   0.00244077
        0.05   0.00283641
        0.06   0.00330151
        0.07   0.00383317
        0.08   0.00442861
        0.09   0.00508511
         0.1   0.00580004
        0.11   0.00657085
        0.12   0.00739505
        0.13   0.00827024
        0.14    0.0091941
        0.15    0.0101644
        0.16    0.0111788
        0.17    0.0122354
        0.18     0.013332
        0.19    0.0144667
         0.2    0.0156375
        0.21    0.0168426
        0.22    0.0180801
        0.23    0.0193484
        0.24    0.0206457
        0.25    0.0219704
        0.26    0.0233209
        0.27    0.0246958
        0.28    0.0260936
        0.29    0.0275128
         0.3    0.0289521
        0.31    0.0304101
        0.32    0.0318856
        0.33    0.0333774
        0.34    0.0348843
        0.35    0.0364051
        0.36    0.0379388
        0.37    0.0394843
        0.38    0.0410407
        0.39    0.0426068
         0.4    0.0441819
        0.41    0.0457649
        0.42    0.0473551
        0.43    0.0489516
        0.44    0.0505536
        0.45    0.0521604
        0.46    0.0537712
        0.47    0.0553853
        0.48    0.0570021
        0.49     0.058621
         0.5    0.0602413
        0.51    0.0618624
        0.52    0.0634839
        0.53     0.065105
        0.54    0.0667255
        0.55    0.0683447
        0.56    0.0699623
        0.57    0.0715777
        0.58    0.0731906
        0.59    0.0748006
         0.6    0.0764074
        0.61    0.0780105
        0.62    0.0796096
        0.63    0.0812044
        0.64    0.0827947
        0.65    0.0843801
        0.66    0.0859604
        0.67    0.0875353
        0.68    0.0891046
        0.69    0.0906681
         0.7    0.0922256
        0.71    0.0937768
        0.72    0.0953217
        0.73      0.09686
        0.74    0.0983916
        0.75    0.0999164
        0.76     0.101434
        0.77     0.102945
        0.78     0.104448
        0.79     0.105944
         0.8     0.107433
        0.81     0.108914
        0.82     0.110388
        0.83     0.111854
        0.84     0.113312
        0.85     0.114763
        0.86     0.116206
        0.87      0.11764
        0.88     0.119067
        0.89     0.120486
         0.9     0.121898
        0.91     0.123301
        0.92     0.124696
        0.93     0.126083
        0.94     0.127462
        0.95     0.128833
        0.96     0.130196
        0.97     0.131551
        0.98     0.132898
        0.99     0.134238
           1     0.135569
        1.01     0.136892
        1.02     0.138207
        1.03     0.139514
        1.04     0.140813
        1.05     0.142104
        1.06     0.143388
        1.07     0.144663
        1.08     0.145931
        1.09      0.14719
         1.1     0.148442
        1.11     0.149686
        1.12     0.150923
        1.13     0.152151
        1.14     0.153372
        1.15     0.154585
        1.16      0.15579
        1.17     0.156987
        1.18     0.158177
        1.19     0.159359
         1.2     0.160534
        1.21     0.161701
        1.22      0.16286
        1.23     0.164012
        1.24     0.165156
        1.25     0.166292
        1.26     0.167421
        1.27     0.168542
        1.28     0.169656
        1.29     0.170762
         1.3     0.171861
        1.31     0.172952
        1.32     0.174035
        1.33     0.175111
        1.34     0.176179
        1.35      0.17724
        1.36     0.178293
        1.37     0.179339
        1.38     0.180377
        1.39     0.181407
         1.4      0.18243
        1.41     0.183445
        1.42     0.184452
        1.43     0.185452
        1.44     0.186444
        1.45     0.187429
        1.46     0.188405
        1.47     0.189374
        1.48     0.190335
        1.49     0.191289
         1.5     0.192234
        1.51     0.193171
        1.52     0.194101
        1.53     0.195023
        1.54     0.195937
        1.55     0.196842
        1.56      0.19774
        1.57     0.198629
        1.58     0.199511
        1.59     0.200384
         1.6     0.201249
        1.61     0.202106
        1.62     0.202954
        1.63     0.203794
        1.64     0.204626
        1.65     0.205449
        1.66     0.206264
        1.67      0.20707
        1.68     0.207868
        1.69     0.208656
         1.7     0.209437
        1.71     0.210208
        1.72     0.210971
        1.73     0.211725
        1.74     0.212469
        1.75     0.213205
        1.76     0.213932
        1.77      0.21465
        1.78     0.215359
        1.79     0.216058
         1.8     0.216748
        1.81     0.217429
        1.82     0.218101
        1.83     0.218763
        1.84     0.219416
        1.85     0.220059
        1.86     0.220693
        1.87     0.221317
        1.88     0.221931
        1.89     0.222536
         1.9     0.223131
        1.91     0.223716
        1.92     0.224291
        1.93     0.224856
        1.94     0.225411
        1.95     0.225956
        1.96     0.226492
        1.97     0.227017
        1.98     0.227532
        1.99     0.228036
           2     0.228531
        2.01     0.229015
        2.02     0.229489
        2.03     0.229952
        2.04     0.230405
        2.05     0.230848
        2.06      0.23128
        2.07     0.231702
        2.08     0.232113
        2.09     0.232514
         2.1     0.232904
        2.11     0.233283
        2.12     0.233652
        2.13      0.23401
        2.14     0.234357
        2.15     0.234694
        2.16      0.23502
        2.17     0.235335
        2.18     0.235639
        2.19     0.235933
         2.2     0.236215
        2.21     0.236487
        2.22     0.236748
        2.23     0.236999
        2.24     0.237238
        2.25     0.237467
        2.26     0.237685
        2.27     0.237892
        2.28     0.238088
        2.29     0.238273
         2.3     0.238448
        2.31     0.238612
        2.32     0.238765
        2.33     0.238907
        2.34     0.239038
        2.35     0.239159
        2.36     0.239269
        2.37     0.239368
        2.38     0.239456
        2.39     0.239534
         2.4     0.239601
        2.41     0.239658
        2.42     0.239704
        2.43     0.239739
        2.44     0.239764
        2.45     0.239778
        2.46     0.239782
        2.47     0.239776
        2.48     0.239759
        2.49     0.239732
         2.5     0.239694
        2.51     0.239646
        2.52     0.239588
        2.53      0.23952
        2.54     0.239442
        2.55     0.239354
        2.56     0.239255
        2.57     0.239147
        2.58     0.239029
        2.59     0.238901
         2.6     0.238763
        2.61     0.238615
        2.62     0.238458
        2.63     0.238291
        2.64     0.238114
        2.65     0.237928
        2.66     0.237733
        2.67     0.237528
        2.68     0.237314
        2.69      0.23709
         2.7     0.236857
        2.71     0.236616
        2.72     0.236365
        2.73     0.236105
        2.74     0.235836
        2.75     0.235558
        2.76     0.235272
        2.77     0.234976
        2.78     0.234672
        2.79      0.23436
         2.8     0.234039
        2.81     0.233709
        2.82     0.233371
        2.83     0.233024
        2.84     0.232669
        2.85     0.232306
        2.86     0.231935
        2.87     0.231556
        2.88     0.231168
        2.89     0.230773
         2.9      0.23037
        2.91     0.229958
        2.92     0.229539
        2.93     0.229112
        2.94     0.228678
        2.95     0.228235
        2.96     0.227785
        2.97     0.227328
        2.98     0.226863
        2.99      0.22639
           3      0.22591
        3.01     0.225423
        3.02     0.224928
        3.03     0.224426
        3.04     0.223917
        3.05       0.2234
        3.06     0.222876
        3.07     0.222345
        3.08     0.221807
        3.09     0.221261
         3.1     0.220709
        3.11     0.220149
        3.12     0.219582
        3.13     0.219008
        3.14     0.218427
        3.15     0.217839
        3.16     0.217244
        3.17     0.216641
        3.18     0.216032
        3.19     0.215416
         3.2     0.214792
        3.21     0.214161
        3.22     0.213524
        3.23     0.212879
        3.24     0.212226
        3.25     0.211567
        3.26       0.2109
        3.27     0.210227
        3.28     0.209545
        3.29     0.208857
         3.3     0.208161
        3.31     0.207458
        3.32     0.206747
        3.33     0.206028
        3.34     0.205302
        3.35     0.204569
        3.36     0.203827
        3.37     0.203078
        3.38     0.202321
        3.39     0.201555
         3.4     0.200782
        3.41     0.200001
        3.42     0.199211
        3.43     0.198413
        3.44     0.197606
        3.45     0.196791
        3.46     0.195968
        3.47     0.195135
        3.48     0.194294
        3.49     0.193444
         3.5     0.192584
        3.51     0.191716
        3.52     0.190838
        3.53      0.18995
        3.54     0.189053
        3.55     0.188146
        3.56     0.187229
        3.57     0.186302
        3.58     0.185365
        3.59     0.184417
         3.6     0.183459
        3.61      0.18249
        3.62      0.18151
        3.63      0.18052
        3.64     0.179518
        3.65     0.178505
        3.66      0.17748
        3.67     0.176444
        3.68     0.175396
        3.69     0.174335
         3.7     0.173263
        3.71     0.172178
        3.72     0.171081
        3.73     0.169971
        3.74     0.168848
        3.75     0.167712
        3.76     0.166563
        3.77       0.1654
        3.78     0.164224
        3.79     0.163034
         3.8      0.16183
        3.81     0.160611
        3.82     0.159379
        3.83     0.158132
        3.84      0.15687
        3.85     0.155594
        3.86     0.154302
        3.87     0.152996
        3.88     0.151674
        3.89     0.150336
         3.9     0.148983
        3.91     0.147615
        3.92      0.14623
        3.93      0.14483
        3.94     0.143413
        3.95      0.14198
        3.96     0.140531
        3.97     0.139065
        3.98     0.137583
        3.99     0.136084
           4     0.134568
        4.01     0.133035
        4.02     0.131486
        4.03      0.12992
        4.04     0.128336
        4.05     0.126736
        4.06     0.125119
        4.07     0.123484
        4.08     0.121833
        4.09     0.120165
         4.1     0.118479
        4.11     0.116777
        4.12     0.115058
        4.13     0.113322
        4.14      0.11157
        4.15     0.109801
        4.16     0.108016
        4.17     0.106214
        4.18     0.104397
        4.19     0.102563
         4.2     0.100714
        4.21    0.0988496
        4.22    0.0969701
        4.23    0.0950757
        4.24    0.0931669
        4.25    0.0912439
        4.26    0.0893071
        4.27    0.0873569
        4.28    0.0853938
        4.29    0.0834181
         4.3    0.0814305
        4.31    0.0794313
        4.32    0.0774212
        4.33    0.0754008
        4.34    0.0733706
        4.35    0.0713313
        4.36    0.0692837
        4.37    0.0672285
        4.38    0.0651663
        4.39    0.0630981
         4.4    0.0610247
        4.41     0.058947
        4.42     0.056866
        4.43    0.0547825
        4.44    0.0526978
        4.45    0.0506128
        4.46    0.0485286
        4.47    0.0464466
        4.48    0.0443678
        4.49    0.0422936
         4.5    0.0402253
        4.51    0.0381644
        4.52    0.0361123
        4.53    0.0340705
        4.54    0.0320406
        4.55    0.0300242
        4.56     0.028023
        4.57    0.0260388
        4.58    0.0240735
        4.59    0.0221289
         4.6     0.020207
        4.61    0.0183099
        4.62    0.0164397
        4.63    0.0145986
        4.64    0.0127889
        4.65    0.0110129
        4.66   0.00927301
        4.67   0.00757182
        4.68   0.00591191
        4.69   0.00429596
         4.7   0.00272676
        4.71   0.00120718
        4.72 -0.000259835
        4.73  -0.00167122
        4.74  -0.00302381
        4.75  -0.00431438
        4.76  -0.00553955
        4.77  -0.00669589
        4.78  -0.00777982
        4.79  -0.00878769
         4.8  -0.00971571
        4.81     -0.01056
        4.82   -0.0113165
        4.83   -0.0119812
        4.84   -0.0125498
        4.85    -0.013018
        4.86   -0.0133812
        4.87   -0.0136348
        4.88   -0.0137742
        4.89   -0.0137944
         4.9   -0.0136904
        4.91   -0.0134572
        4.92   -0.0130894
        4.93   -0.0125815
        4.94   -0.0119281
        4.95   -0.0111235
        4.96   -0.0101616
        4.97  -0.00903667
        4.98  -0.00774237
        4.99  -0.00627242
           5  -0.00462032
        5.01  -0.00277943
        5.02 -0.000742905
        5.03   0.00149623
        5.04   0.00394515
        5.05    0.0066112
        5.06    0.0095019
        5.07     0.012625
        5.08    0.0159883
        5.09    0.0195999
         5.1    0.0234681
        5.11    0.0276015
        5.12    0.0320085
        5.13    0.0366982
        5.14    0.0416796
        5.15     0.046962
        5.16    0.0525549
        5.17     0.058468
        5.18    0.0647113
        5.19    0.0712949
         5.2    0.0782292
        5.21    0.0855248
        5.22    0.0931927
        5.23     0.101244
        5.24      0.10969
        5.25     0.118542
        5.26     0.127812
        5.27     0.137513
        5.28     0.147656
        5.29     0.158254
         5.3      0.16932
        5.31     0.180868
        5.32      0.19291
        5.33     0.205461
        5.34     0.218534
        5.35     0.232143
        5.36     0.246305
        5.37     0.261032
        5.38     0.276341
        5.39     0.292246
         5.4     0.308765
        5.41     0.325912
        5.42     0.343705
        5.43     0.362159
        5.44     0.381293
        5.45     0.401124
        5.46     0.421669
        5.47     0.442946
        5.48     0.464975
        5.49     0.487774
         5.5     0.511361
        5.51     0.535758
        5.52     0.560983
        5.53     0.587057
        5.54     0.614001
        5.55     0.641836
        5.56     0.670583
        5.57     0.700264
        5.58     0.730902
        5.59     0.762519
         5.6     0.795138
        5.61     0.828783
        5.62     0.863478
        5.63     0.899247
        5.64     0.936116
        5.65     0.974109
        5.66      1.01325
        5.67      1.05357
        5.68      1.09509
        5.69      1.13785
         5.7      1.18186
        5.71      1.22715
        5.72      1.27377
        5.73      1.32172
        5.74      1.37105
        5.75      1.42178
        5.76      1.47395
        5.77      1.52758
        5.78      1.58271
        5.79      1.63936
         5.8      1.69758
        5.81       1.7574
        5.82      1.81884
        5.83      1.88195
        5.84      1.94675
        5.85      2.01329
        5.86       2.0816
        5.87      2.15172
        5.88      2.22368
        5.89      2.29752
         5.9      2.37329
        5.91      2.45101
        5.92      2.53074
        5.93       2.6125
        5.94      2.69635
        5.95      2.78232
        5.96      2.87046
        5.97      2.96081
        5.98      3.05341
        5.99       3.1483
           6      3.24554
        6.01      3.34517
        6.02      3.44724
        6.03      3.55178
        6.04      3.65886
        6.05      3.76852
        6.06      3.88081
        6.07      3.99577
        6.08      4.11347
        6.09      4.23395
         6.1      4.35727
        6.11      4.48347
        6.12      4.61262
        6.13      4.74476
        6.14      4.87996
        6.15      5.01827
        6.16      5.15975
        6.17      5.30446
        6.18      5.45245
        6.19      5.60379
         6.2      5.75853
        6.21      5.91675
        6.22      6.07849
        6.23      6.24383
        6.24      6.41284
        6.25      6.58556
        6.26      6.76209
        6.27      6.94247
        6.28      7.12678
        6.29      7.31508
         6.3      7.50746
        6.31      7.70397
        6.32       7.9047
        6.33      8.10972
        6.34      8.31909
        6.35       8.5329
        6.36      8.75122
        6.37      8.97413
        6.38      9.20171
        6.39      9.43403
         6.4      9.67119
        6.41      9.91325
        6.42      10.1603
        6.43      10.4125
        6.44      10.6698
        6.45      10.9323
        6.46      11.2002
        6.47      11.4735
        6.48      11.7523
        6.49      12.0368
         6.5      12.3269
        6.51      12.6229
        6.52      12.9247
        6.53      13.2325
        6.54      13.5464
        6.55      13.8664
        6.56      14.1928
        6.57      14.5255
        6.58      14.8648
        6.59      15.2106
         6.6      15.5631
        6.61      15.9224
        6.62      16.2886
        6.63      16.6618
        6.64      17.0422
        6.65      17.4298
        6.66      17.8247
        6.67      18.2272
        6.68      18.6372
        6.69      19.0549
         6.7      19.4805
        6.71       19.914
        6.72      20.3555
        6.73      20.8053
        6.74      21.2633
        6.75      21.7299
        6.76       22.205
        6.77      22.6888
        6.78      23.1814
        6.79       23.683
         6.8      24.1937
        6.81      24.7136
        6.82       25.243
        6.83      25.7818
        6.84      26.3304
        6.85      26.8887
        6.86       27.457
        6.87      28.0353
        6.88      28.6239
        6.89       29.223
         6.9      29.8325
        6.91      30.4528
        6.92       31.084
        6.93      31.7261
        6.94      32.3795
        6.95      33.0441
        6.96      33.7203
        6.97      34.4082
        6.98      35.1079
        6.99      35.8196
           7      36.5435
        7.01      37.2797
        7.02      38.0285
        7.03      38.7899
