          -1     -5.23702
       -0.99     -5.10073
       -0.98     -4.96728
       -0.97     -4.83663
       -0.96     -4.70873
       -0.95     -4.58354
       -0.94     -4.46101
       -0.93     -4.34109
       -0.92     -4.22374
       -0.91     -4.10891
        -0.9     -3.99656
       -0.89     -3.88665
       -0.88     -3.77914
       -0.87     -3.67398
       -0.86     -3.57112
       -0.85     -3.47054
       -0.84     -3.37219
       -0.83     -3.27603
       -0.82     -3.18202
       -0.81     -3.09013
        -0.8      -3.0003
       -0.79     -2.91252
       -0.78     -2.82673
       -0.77     -2.74291
       -0.76     -2.66101
       -0.75     -2.58101
       -0.74     -2.50286
       -0.73     -2.42654
       -0.72       -2.352
       -0.71     -2.27922
        -0.7     -2.20816
       -0.69     -2.13878
       -0.68     -2.07107
       -0.67     -2.00498
       -0.66     -1.94049
       -0.65     -1.87755
       -0.64     -1.81616
       -0.63     -1.75626
       -0.62     -1.69784
       -0.61     -1.64087
        -0.6     -1.58531
       -0.59     -1.53114
       -0.58     -1.47833
       -0.57     -1.42686
       -0.56     -1.37669
       -0.55     -1.32781
       -0.54     -1.28018
       -0.53     -1.23378
       -0.52     -1.18859
       -0.51     -1.14457
        -0.5     -1.10171
       -0.49     -1.05999
       -0.48     -1.01937
       -0.47    -0.979831
       -0.46    -0.941359
       -0.45    -0.903926
       -0.44    -0.867511
       -0.43    -0.832091
       -0.42    -0.797646
       -0.41    -0.764155
        -0.4    -0.731596
       -0.39     -0.69995
       -0.38    -0.669196
       -0.37    -0.639315
       -0.36    -0.610288
       -0.35    -0.582095
       -0.34    -0.554718
       -0.33    -0.528138
       -0.32    -0.502338
       -0.31      -0.4773
        -0.3    -0.453006
       -0.29    -0.429439
       -0.28    -0.406582
       -0.27    -0.384419
       -0.26    -0.362935
       -0.25    -0.342111
       -0.24    -0.321934
       -0.23    -0.302388
       -0.22    -0.283457
       -0.21    -0.265127
        -0.2    -0.247383
       -0.19    -0.230211
       -0.18    -0.213597
       -0.17    -0.197527
       -0.16    -0.181988
       -0.15    -0.166967
       -0.14     -0.15245
       -0.13    -0.138425
       -0.12    -0.124879
       -0.11    -0.111799
        -0.1   -0.0991752
       -0.09   -0.0869941
       -0.08   -0.0752447
       -0.07   -0.0639154
       -0.06   -0.0529953
       -0.05   -0.0424735
       -0.04   -0.0323392
       -0.03    -0.022582
       -0.02   -0.0131917
       -0.01  -0.00415824
           0   0.00452821
        0.01    0.0128773
        0.02    0.0208984
        0.03    0.0286008
        0.04    0.0359935
        0.05    0.0430854
        0.06    0.0498851
        0.07    0.0564011
        0.08    0.0626416
        0.09    0.0686149
         0.1    0.0743287
        0.11    0.0797909
        0.12    0.0850091
        0.13    0.0899906
        0.14    0.0947428
        0.15    0.0992726
        0.16     0.103587
        0.17     0.107693
        0.18     0.111597
        0.19     0.115305
         0.2     0.118824
        0.21      0.12216
        0.22     0.125319
        0.23     0.128306
        0.24     0.131128
        0.25      0.13379
        0.26     0.136298
        0.27     0.138656
        0.28      0.14087
        0.29     0.142946
         0.3     0.144887
        0.31     0.146699
        0.32     0.148386
        0.33     0.149953
        0.34     0.151405
        0.35     0.152745
        0.36     0.153978
        0.37     0.155108
        0.38     0.156139
        0.39     0.157075
         0.4     0.157919
        0.41     0.158675
        0.42     0.159347
        0.43     0.159938
        0.44     0.160452
        0.45     0.160891
        0.46     0.161259
        0.47     0.161559
        0.48     0.161794
        0.49     0.161967
         0.5      0.16208
        0.51     0.162137
        0.52     0.162139
        0.53      0.16209
        0.54     0.161992
        0.55     0.161847
        0.56     0.161657
        0.57     0.161425
        0.58     0.161153
        0.59     0.160843
         0.6     0.160496
        0.61     0.160116
        0.62     0.159703
        0.63      0.15926
        0.64     0.158788
        0.65     0.158289
        0.66     0.157764
        0.67     0.157215
        0.68     0.156644
        0.69     0.156052
         0.7      0.15544
        0.71      0.15481
        0.72     0.154162
        0.73     0.153499
        0.74      0.15282
        0.75     0.152128
        0.76     0.151424
        0.77     0.150707
        0.78      0.14998
        0.79     0.149244
         0.8     0.148498
        0.81     0.147744
        0.82     0.146983
        0.83     0.146215
        0.84     0.145442
        0.85     0.144663
        0.86      0.14388
        0.87     0.143093
        0.88     0.142302
        0.89     0.141508
         0.9     0.140712
        0.91     0.139914
        0.92     0.139115
        0.93     0.138315
        0.94     0.137513
        0.95     0.136712
        0.96      0.13591
        0.97     0.135108
        0.98     0.134307
        0.99     0.133507
           1     0.132707
        1.01     0.131909
        1.02     0.131112
        1.03     0.130316
        1.04     0.129522
        1.05     0.128729
        1.06     0.127939
        1.07      0.12715
        1.08     0.126363
        1.09     0.125578
         1.1     0.124795
        1.11     0.124014
        1.12     0.123235
        1.13     0.122457
        1.14     0.121682
        1.15     0.120909
        1.16     0.120137
        1.17     0.119368
        1.18       0.1186
        1.19     0.117833
         1.2     0.117069
        1.21     0.116305
        1.22     0.115543
        1.23     0.114782
        1.24     0.114022
        1.25     0.113263
        1.26     0.112505
        1.27     0.111748
        1.28     0.110991
        1.29     0.110235
         1.3     0.109478
        1.31     0.108722
        1.32     0.107966
        1.33      0.10721
        1.34     0.106453
        1.35     0.105695
        1.36     0.104937
        1.37     0.104178
        1.38     0.103418
        1.39     0.102656
         1.4     0.101893
        1.41     0.101129
        1.42     0.100362
        1.43    0.0995941
        1.44    0.0988238
        1.45    0.0980513
        1.46    0.0972763
        1.47    0.0964987
        1.48    0.0957184
        1.49    0.0949352
         1.5     0.094149
        1.51    0.0933596
        1.52    0.0925668
        1.53    0.0917705
        1.54    0.0909706
        1.55    0.0901669
        1.56    0.0893594
        1.57    0.0885478
        1.58    0.0877322
        1.59    0.0869122
         1.6    0.0860879
        1.61    0.0852591
        1.62    0.0844257
        1.63    0.0835877
        1.64    0.0827449
        1.65    0.0818973
        1.66    0.0810447
        1.67    0.0801871
        1.68    0.0793245
        1.69    0.0784567
         1.7    0.0775837
        1.71    0.0767054
        1.72    0.0758219
        1.73     0.074933
        1.74    0.0740387
        1.75    0.0731391
        1.76     0.072234
        1.77    0.0713235
        1.78    0.0704076
        1.79    0.0694862
         1.8    0.0685593
        1.81     0.067627
        1.82    0.0666893
        1.83    0.0657461
        1.84    0.0647976
        1.85    0.0638438
        1.86    0.0628846
        1.87    0.0619201
        1.88    0.0609505
        1.89    0.0599756
         1.9    0.0589957
        1.91    0.0580108
        1.92    0.0570208
        1.93     0.056026
        1.94    0.0550264
        1.95    0.0540221
        1.96    0.0530131
        1.97    0.0519997
        1.98    0.0509818
        1.99    0.0499596
           2    0.0489332
        2.01    0.0479028
        2.02    0.0468684
        2.03    0.0458301
        2.04    0.0447882
        2.05    0.0437427
        2.06    0.0426938
        2.07    0.0416416
        2.08    0.0405863
        2.09     0.039528
         2.1    0.0384668
        2.11    0.0374031
        2.12    0.0363368
        2.13    0.0352681
        2.14    0.0341973
        2.15    0.0331245
        2.16    0.0320499
        2.17    0.0309736
        2.18    0.0298958
        2.19    0.0288167
         2.2    0.0277365
        2.21    0.0266554
        2.22    0.0255735
        2.23    0.0244911
        2.24    0.0234082
        2.25    0.0223252
        2.26    0.0212422
        2.27    0.0201593
        2.28    0.0190769
        2.29    0.0179949
         2.3    0.0169138
        2.31    0.0158336
        2.32    0.0147545
        2.33    0.0136767
        2.34    0.0126004
        2.35    0.0115259
        2.36    0.0104532
        2.37    0.0093826
        2.38   0.00831424
        2.39   0.00724832
         2.4   0.00618501
        2.41    0.0051245
        2.42   0.00406696
        2.43   0.00301256
        2.44   0.00196147
        2.45   0.00091387
        2.46 -0.000130081
        2.47  -0.00117022
        2.48  -0.00220638
        2.49  -0.00323842
         2.5  -0.00426617
        2.51   -0.0052895
        2.52  -0.00630825
        2.53  -0.00732228
        2.54  -0.00833147
        2.55  -0.00933566
        2.56   -0.0103347
        2.57   -0.0113286
        2.58   -0.0123171
        2.59   -0.0133001
         2.6   -0.0142776
        2.61   -0.0152494
        2.62   -0.0162154
        2.63   -0.0171756
        2.64   -0.0181298
        2.65    -0.019078
        2.66   -0.0200201
        2.67    -0.020956
        2.68   -0.0218857
        2.69   -0.0228092
         2.7   -0.0237263
        2.71   -0.0246371
        2.72   -0.0255414
        2.73   -0.0264394
        2.74   -0.0273309
        2.75   -0.0282159
        2.76   -0.0290945
        2.77   -0.0299667
        2.78   -0.0308324
        2.79   -0.0316917
         2.8   -0.0325446
        2.81   -0.0333912
        2.82   -0.0342314
        2.83   -0.0350653
        2.84   -0.0358931
        2.85   -0.0367147
        2.86   -0.0375302
        2.87   -0.0383397
        2.88   -0.0391434
        2.89   -0.0399412
         2.9   -0.0407333
        2.91   -0.0415199
        2.92    -0.042301
        2.93   -0.0430768
        2.94   -0.0438474
        2.95   -0.0446129
        2.96   -0.0453736
        2.97   -0.0461295
        2.98   -0.0468809
        2.99    -0.047628
           3   -0.0483709
        3.01   -0.0491098
        3.02   -0.0498449
        3.03   -0.0505764
        3.04   -0.0513047
        3.05   -0.0520298
        3.06    -0.052752
        3.07   -0.0534716
        3.08   -0.0541889
        3.09    -0.054904
         3.1   -0.0556173
        3.11    -0.056329
        3.12   -0.0570394
        3.13   -0.0577488
        3.14   -0.0584574
        3.15   -0.0591657
        3.16   -0.0598739
        3.17   -0.0605823
        3.18   -0.0612912
        3.19   -0.0620009
         3.2   -0.0627119
        3.21   -0.0634244
        3.22   -0.0641388
        3.23   -0.0648553
        3.24   -0.0655745
        3.25   -0.0662966
        3.26    -0.067022
        3.27    -0.067751
        3.28    -0.068484
        3.29   -0.0692215
         3.3   -0.0699637
        3.31   -0.0707111
        3.32    -0.071464
        3.33   -0.0722229
        3.34    -0.072988
        3.35   -0.0737599
        3.36   -0.0745388
        3.37   -0.0753252
        3.38   -0.0761194
        3.39   -0.0769219
         3.4    -0.077733
        3.41   -0.0785532
        3.42   -0.0793827
        3.43   -0.0802221
        3.44   -0.0810716
        3.45   -0.0819317
        3.46   -0.0828027
        3.47   -0.0836851
        3.48   -0.0845791
        3.49   -0.0854851
         3.5   -0.0864035
        3.51   -0.0873347
        3.52    -0.088279
        3.53   -0.0892367
        3.54   -0.0902082
        3.55   -0.0911937
        3.56   -0.0921937
        3.57   -0.0932084
        3.58    -0.094238
        3.59    -0.095283
         3.6   -0.0963435
        3.61   -0.0974199
        3.62   -0.0985123
        3.63    -0.099621
        3.64    -0.100746
        3.65    -0.101888
        3.66    -0.103047
        3.67    -0.104223
        3.68    -0.105417
        3.69    -0.106627
         3.7    -0.107855
        3.71    -0.109101
        3.72    -0.110365
        3.73    -0.111646
        3.74    -0.112945
        3.75    -0.114262
        3.76    -0.115596
        3.77    -0.116949
        3.78    -0.118319
        3.79    -0.119706
         3.8    -0.121111
        3.81    -0.122534
        3.82    -0.123973
        3.83     -0.12543
        3.84    -0.126903
        3.85    -0.128393
        3.86    -0.129899
        3.87    -0.131421
        3.88    -0.132958
        3.89     -0.13451
         3.9    -0.136076
        3.91    -0.137657
        3.92    -0.139251
        3.93    -0.140858
        3.94    -0.142478
        3.95    -0.144109
        3.96    -0.145751
        3.97    -0.147404
        3.98    -0.149065
        3.99    -0.150736
           4    -0.152414
        4.01    -0.154098
        4.02    -0.155789
        4.03    -0.157484
        4.04    -0.159182
        4.05    -0.160883
        4.06    -0.162585
        4.07    -0.164286
        4.08    -0.165986
        4.09    -0.167684
         4.1    -0.169376
        4.11    -0.171063
        4.12    -0.172742
        4.13    -0.174411
        4.14    -0.176069
        4.15    -0.177715
        4.16    -0.179345
        4.17    -0.180959
        4.18    -0.182554
        4.19    -0.184128
         4.2    -0.185678
        4.21    -0.187203
        4.22      -0.1887
        4.23    -0.190166
        4.24    -0.191599
        4.25    -0.192997
        4.26    -0.194356
        4.27    -0.195674
        4.28    -0.196947
        4.29    -0.198174
         4.3    -0.199349
        4.31    -0.200472
        4.32    -0.201537
        4.33    -0.202542
        4.34    -0.203482
        4.35    -0.204355
        4.36    -0.205157
        4.37    -0.205884
        4.38    -0.206531
        4.39    -0.207094
         4.4     -0.20757
        4.41    -0.207954
        4.42    -0.208241
        4.43    -0.208427
        4.44    -0.208507
        4.45    -0.208477
        4.46     -0.20833
        4.47    -0.208063
        4.48     -0.20767
        4.49    -0.207145
         4.5    -0.206482
        4.51    -0.205677
        4.52    -0.204723
        4.53    -0.203614
        4.54    -0.202345
        4.55    -0.200908
        4.56    -0.199297
        4.57    -0.197506
        4.58    -0.195528
        4.59    -0.193356
         4.6    -0.190982
        4.61      -0.1884
        4.62    -0.185603
        4.63    -0.182581
        4.64    -0.179328
        4.65    -0.175836
        4.66    -0.172095
        4.67    -0.168099
        4.68    -0.163838
        4.69    -0.159304
         4.7    -0.154488
        4.71     -0.14938
        4.72    -0.143971
        4.73    -0.138252
        4.74    -0.132213
        4.75    -0.125844
        4.76    -0.119134
        4.77    -0.112074
        4.78    -0.104652
        4.79   -0.0968582
         4.8   -0.0886811
        4.81   -0.0801094
        4.82   -0.0711316
        4.83   -0.0617359
        4.84   -0.0519104
        4.85   -0.0416428
        4.86   -0.0309205
        4.87   -0.0197309
        4.88  -0.00806087
        4.89   0.00410275
         4.9    0.0167735
        4.91    0.0299651
        4.92    0.0436917
        4.93    0.0579675
        4.94    0.0728072
        4.95    0.0882255
        4.96     0.104238
        4.97     0.120859
        4.98     0.138105
        4.99     0.155993
           5     0.174537
        5.01     0.193756
        5.02     0.213665
        5.03     0.234282
        5.04     0.255625
        5.05      0.27771
        5.06     0.300558
        5.07     0.324185
        5.08     0.348611
        5.09     0.373854
         5.1     0.399935
        5.11     0.426873
        5.12     0.454688
        5.13     0.483401
        5.14     0.513032
        5.15     0.543603
        5.16     0.575136
        5.17     0.607651
        5.18     0.641172
        5.19      0.67572
         5.2      0.71132
        5.21     0.747995
        5.22     0.785767
        5.23     0.824662
        5.24     0.864704
        5.25     0.905918
        5.26     0.948329
        5.27     0.991964
        5.28      1.03685
        5.29      1.08301
         5.3      1.13047
        5.31      1.17926
        5.32      1.22941
        5.33      1.28095
        5.34       1.3339
        5.35       1.3883
        5.36      1.44417
        5.37      1.50155
        5.38      1.56046
        5.39      1.62094
         5.4      1.68301
        5.41      1.74671
        5.42      1.81208
        5.43      1.87914
        5.44      1.94793
        5.45      2.01848
        5.46      2.09083
        5.47        2.165
        5.48      2.24105
        5.49        2.319
         5.5      2.39888
        5.51      2.48075
        5.52      2.56462
        5.53      2.65055
        5.54      2.73857
        5.55      2.82872
        5.56      2.92104
        5.57      3.01557
        5.58      3.11235
        5.59      3.21142
         5.6      3.31283
        5.61      3.41661
        5.62      3.52281
        5.63      3.63147
        5.64      3.74265
        5.65      3.85637
        5.66      3.97269
        5.67      4.09166
        5.68      4.21332
        5.69      4.33772
         5.7      4.46491
        5.71      4.59493
        5.72      4.72783
        5.73      4.86368
        5.74       5.0025
        5.75      5.14437
        5.76      5.28932
        5.77      5.43742
        5.78      5.58871
        5.79      5.74325
         5.8      5.90109
        5.81      6.06229
        5.82      6.22691
        5.83        6.395
        5.84      6.56663
        5.85      6.74184
        5.86       6.9207
        5.87      7.10327
        5.88       7.2896
        5.89      7.47977
         5.9      7.67383
        5.91      7.87184
        5.92      8.07387
        5.93      8.27998
        5.94      8.49025
        5.95      8.70472
        5.96      8.92348
        5.97      9.14659
        5.98      9.37411
        5.99      9.60613
           6       9.8427
        6.01      10.0839
        6.02      10.3298
        6.03      10.5805
        6.04       10.836
        6.05      11.0964
        6.06      11.3619
        6.07      11.6324
        6.08       11.908
        6.09      12.1889
         6.1      12.4751
        6.11      12.7667
        6.12      13.0637
        6.13      13.3663
        6.14      13.6745
        6.15      13.9885
        6.16      14.3082
        6.17      14.6338
        6.18      14.9654
        6.19      15.3031
         6.2      15.6469
        6.21       15.997
        6.22      16.3533
        6.23      16.7161
        6.24      17.0854
        6.25      17.4614
        6.26       17.844
        6.27      18.2334
        6.28      18.6297
        6.29       19.033
         6.3      19.4434
        6.31      19.8609
        6.32      20.2858
        6.33      20.7181
        6.34      21.1578
        6.35      21.6052
        6.36      22.0602
        6.37      22.5231
        6.38      22.9939
        6.39      23.4727
         6.4      23.9597
        6.41      24.4549
        6.42      24.9585
        6.43      25.4706
        6.44      25.9912
        6.45      26.5206
        6.46      27.0587
        6.47      27.6059
        6.48      28.1621
        6.49      28.7274
         6.5      29.3021
        6.51      29.8862
        6.52      30.4799
        6.53      31.0833
        6.54      31.6964
        6.55      32.3195
        6.56      32.9527
        6.57       33.596
        6.58      34.2497
        6.59      34.9139
         6.6      35.5886
        6.61      36.2741
        6.62      36.9705
        6.63      37.6779
        6.64      38.3964
        6.65      39.1263
        6.66      39.8676
        6.67      40.6204
        6.68       41.385
        6.69      42.1615
         6.7        42.95
        6.71      43.7507
        6.72      44.5637
        6.73      45.3892
        6.74      46.2274
        6.75      47.0784
        6.76      47.9423
        6.77      48.8193
        6.78      49.7096
        6.79      50.6134
         6.8      51.5307
        6.81      52.4619
        6.82      53.4069
        6.83      54.3661
        6.84      55.3396
        6.85      56.3275
        6.86        57.33
        6.87      58.3474
        6.88      59.3797
        6.89      60.4272
         6.9        61.49
        6.91      62.5684
        6.92      63.6624
        6.93      64.7724
        6.94      65.8984
        6.95      67.0407
        6.96      68.1995
        6.97      69.3749
        6.98      70.5672
        6.99      71.7765
           7       73.003
        7.01       74.247
        7.02      75.5087
        7.03      76.7881
