         -1     2.66328
      -0.99     2.57164
      -0.98     2.48258
      -0.97     2.39603
      -0.96     2.31195
      -0.95     2.23026
      -0.94     2.15092
      -0.93     2.07388
      -0.92     1.99907
      -0.91     1.92645
       -0.9     1.85597
      -0.89     1.78758
      -0.88     1.72122
      -0.87     1.65685
      -0.86     1.59442
      -0.85     1.53388
      -0.84      1.4752
      -0.83     1.41831
      -0.82     1.36319
      -0.81     1.30978
       -0.8     1.25805
      -0.79     1.20795
      -0.78     1.15944
      -0.77     1.11248
      -0.76     1.06704
      -0.75     1.02307
      -0.74    0.980538
      -0.73    0.939407
      -0.72     0.89964
      -0.71    0.861202
       -0.7    0.824059
      -0.69    0.788177
      -0.68    0.753521
      -0.67    0.720061
      -0.66    0.687764
      -0.65    0.656599
      -0.64    0.626535
      -0.63    0.597543
      -0.62    0.569592
      -0.61    0.542656
       -0.6    0.516705
      -0.59    0.491713
      -0.58    0.467652
      -0.57    0.444496
      -0.56    0.422219
      -0.55    0.400798
      -0.54    0.380206
      -0.53    0.360419
      -0.52    0.341416
      -0.51    0.323172
       -0.5    0.305665
      -0.49    0.288873
      -0.48    0.272775
      -0.47     0.25735
      -0.46    0.242577
      -0.45    0.228437
      -0.44    0.214909
      -0.43    0.201976
      -0.42    0.189618
      -0.41    0.177817
       -0.4    0.166556
      -0.39    0.155817
      -0.38    0.145583
      -0.37    0.135838
      -0.36    0.126566
      -0.35    0.117751
      -0.34    0.109378
      -0.33    0.101432
      -0.32   0.0938981
      -0.31   0.0867629
       -0.3   0.0800122
      -0.29   0.0736327
      -0.28   0.0676112
      -0.27    0.061935
      -0.26   0.0565917
      -0.25   0.0515692
      -0.24   0.0468557
      -0.23   0.0424398
      -0.22   0.0383103
      -0.21   0.0344564
       -0.2   0.0308676
      -0.19   0.0275335
      -0.18   0.0244443
      -0.17   0.0215902
      -0.16   0.0189619
      -0.15     0.01655
      -0.14   0.0143459
      -0.13   0.0123408
      -0.12   0.0105263
      -0.11  0.00889436
       -0.1  0.00743702
      -0.09  0.00614662
      -0.08  0.00501574
      -0.07  0.00403716
      -0.06   0.0032039
      -0.05  0.00250919
      -0.04  0.00194645
      -0.03  0.00150934
      -0.02   0.0011917
      -0.01 0.000987559
          0 0.000891163
       0.01 0.000896929
       0.02  0.00099946
       0.03  0.00119354
       0.04  0.00147413
       0.05  0.00183635
       0.06   0.0022755
       0.07  0.00278704
       0.08  0.00336658
       0.09  0.00400991
        0.1  0.00471293
       0.11  0.00547172
       0.12   0.0062825
       0.13  0.00714162
       0.14  0.00804557
       0.15  0.00899097
       0.16  0.00997458
       0.17   0.0109933
       0.18   0.0120441
       0.19    0.013124
        0.2   0.0142305
       0.21   0.0153607
       0.22   0.0165122
       0.23   0.0176826
       0.24   0.0188694
       0.25   0.0200705
       0.26   0.0212838
       0.27   0.0225072
       0.28   0.0237388
       0.29   0.0249768
        0.3   0.0262193
       0.31   0.0274647
       0.32   0.0287114
       0.33   0.0299579
       0.34   0.0312027
       0.35   0.0324446
       0.36   0.0336822
       0.37   0.0349143
       0.38   0.0361397
       0.39   0.0373573
        0.4   0.0385662
       0.41   0.0397654
       0.42    0.040954
       0.43   0.0421311
       0.44   0.0432959
       0.45   0.0444478
       0.46    0.045586
       0.47   0.0467099
       0.48    0.047819
       0.49   0.0489126
        0.5   0.0499903
       0.51   0.0510517
       0.52   0.0520962
       0.53   0.0531237
       0.54   0.0541337
       0.55   0.0551259
       0.56   0.0561001
       0.57    0.057056
       0.58   0.0579935
       0.59   0.0589124
        0.6   0.0598125
       0.61   0.0606937
       0.62    0.061556
       0.63   0.0623993
       0.64   0.0632236
       0.65   0.0640288
       0.66    0.064815
       0.67   0.0655822
       0.68   0.0663304
       0.69   0.0670598
        0.7   0.0677703
       0.71   0.0684622
       0.72   0.0691355
       0.73   0.0697903
       0.74   0.0704268
       0.75   0.0710452
       0.76   0.0716456
       0.77   0.0722282
       0.78   0.0727932
       0.79   0.0733408
        0.8   0.0738712
       0.81   0.0743847
       0.82   0.0748813
       0.83   0.0753614
       0.84   0.0758253
       0.85    0.076273
       0.86   0.0767049
       0.87   0.0771213
       0.88   0.0775223
       0.89   0.0779083
        0.9   0.0782794
       0.91   0.0786359
       0.92   0.0789782
       0.93   0.0793064
       0.94   0.0796208
       0.95   0.0799216
       0.96   0.0802092
       0.97   0.0804837
       0.98   0.0807454
       0.99   0.0809947
          1   0.0812316
       1.01   0.0814565
       1.02   0.0816696
       1.03   0.0818711
       1.04   0.0820613
       1.05   0.0822405
       1.06   0.0824088
       1.07   0.0825664
       1.08   0.0827137
       1.09   0.0828507
        1.1   0.0829778
       1.11   0.0830951
       1.12   0.0832028
       1.13   0.0833011
       1.14   0.0833902
       1.15   0.0834703
       1.16   0.0835416
       1.17   0.0836043
       1.18   0.0836584
       1.19   0.0837043
        1.2   0.0837419
       1.21   0.0837715
       1.22   0.0837933
       1.23   0.0838073
       1.24   0.0838138
       1.25   0.0838127
       1.26   0.0838043
       1.27   0.0837886
       1.28   0.0837658
       1.29    0.083736
        1.3   0.0836993
       1.31   0.0836556
       1.32   0.0836053
       1.33   0.0835482
       1.34   0.0834845
       1.35   0.0834143
       1.36   0.0833376
       1.37   0.0832545
       1.38    0.083165
       1.39   0.0830692
        1.4   0.0829671
       1.41   0.0828587
       1.42   0.0827441
       1.43   0.0826233
       1.44   0.0824963
       1.45   0.0823632
       1.46   0.0822239
       1.47   0.0820784
       1.48   0.0819268
       1.49   0.0817691
        1.5   0.0816052
       1.51   0.0814351
       1.52   0.0812588
       1.53   0.0810764
       1.54   0.0808877
       1.55   0.0806928
       1.56   0.0804916
       1.57   0.0802841
       1.58   0.0800703
       1.59   0.0798501
        1.6   0.0796235
       1.61   0.0793904
       1.62   0.0791509
       1.63   0.0789048
       1.64   0.0786521
       1.65   0.0783927
       1.66   0.0781267
       1.67   0.0778539
       1.68   0.0775744
       1.69   0.0772879
        1.7   0.0769946
       1.71   0.0766943
       1.72    0.076387
       1.73   0.0760726
       1.74    0.075751
       1.75   0.0754222
       1.76   0.0750862
       1.77   0.0747429
       1.78   0.0743922
       1.79    0.074034
        1.8   0.0736683
       1.81   0.0732951
       1.82   0.0729143
       1.83   0.0725258
       1.84   0.0721296
       1.85   0.0717256
       1.86   0.0713138
       1.87   0.0708941
       1.88   0.0704665
       1.89   0.0700309
        1.9   0.0695872
       1.91   0.0691355
       1.92   0.0686757
       1.93   0.0682078
       1.94   0.0677316
       1.95   0.0672473
       1.96   0.0667546
       1.97   0.0662537
       1.98   0.0657445
       1.99   0.0652269
          2   0.0647009
       2.01   0.0641666
       2.02   0.0636238
       2.03   0.0630727
       2.04   0.0625131
       2.05   0.0619451
       2.06   0.0613686
       2.07   0.0607837
       2.08   0.0601904
       2.09   0.0595886
        2.1   0.0589783
       2.11   0.0583597
       2.12   0.0577327
       2.13   0.0570972
       2.14   0.0564535
       2.15   0.0558013
       2.16   0.0551409
       2.17   0.0544722
       2.18   0.0537953
       2.19   0.0531102
        2.2   0.0524169
       2.21   0.0517155
       2.22    0.051006
       2.23   0.0502886
       2.24   0.0495632
       2.25   0.0488299
       2.26   0.0480889
       2.27     0.04734
       2.28   0.0465835
       2.29   0.0458194
        2.3   0.0450478
       2.31   0.0442687
       2.32   0.0434823
       2.33   0.0426887
       2.34   0.0418878
       2.35   0.0410799
       2.36    0.040265
       2.37   0.0394433
       2.38   0.0386148
       2.39   0.0377796
        2.4   0.0369379
       2.41   0.0360897
       2.42   0.0352352
       2.43   0.0343746
       2.44   0.0335078
       2.45   0.0326351
       2.46   0.0317566
       2.47   0.0308724
       2.48   0.0299826
       2.49   0.0290874
        2.5   0.0281869
       2.51   0.0272813
       2.52   0.0263706
       2.53   0.0254551
       2.54   0.0245348
       2.55     0.02361
       2.56   0.0226807
       2.57   0.0217471
       2.58   0.0208094
       2.59   0.0198677
        2.6   0.0189222
       2.61   0.0179729
       2.62   0.0170202
       2.63    0.016064
       2.64   0.0151047
       2.65   0.0141422
       2.66   0.0131769
       2.67   0.0122088
       2.68   0.0112381
       2.69   0.0102649
        2.7  0.00928951
       2.71  0.00831194
       2.72  0.00733239
       2.73  0.00635102
       2.74  0.00536798
       2.75  0.00438343
       2.76  0.00339752
       2.77   0.0024104
       2.78  0.00142223
       2.79 0.000433157
        2.8 -0.00055667
       2.81  -0.0015471
       2.82 -0.00253799
       2.83 -0.00352919
       2.84 -0.00452055
       2.85 -0.00551193
       2.86  -0.0065032
       2.87  -0.0074942
       2.88  -0.0084848
       2.89 -0.00947487
        2.9  -0.0104643
       2.91  -0.0114529
       2.92  -0.0124405
       2.93  -0.0134271
       2.94  -0.0144125
       2.95  -0.0153966
       2.96  -0.0163792
       2.97  -0.0173603
       2.98  -0.0183396
       2.99  -0.0193172
          3  -0.0202929
       3.01  -0.0212665
       3.02   -0.022238
       3.03  -0.0232072
       3.04  -0.0241741
       3.05  -0.0251385
       3.06  -0.0261004
       3.07  -0.0270595
       3.08  -0.0280159
       3.09  -0.0289695
        3.1    -0.02992
       3.11  -0.0308675
       3.12  -0.0318118
       3.13  -0.0327529
       3.14  -0.0336906
       3.15  -0.0346249
       3.16  -0.0355556
       3.17  -0.0364828
       3.18  -0.0374062
       3.19  -0.0383258
        3.2  -0.0392415
       3.21  -0.0401533
       3.22  -0.0410609
       3.23  -0.0419644
       3.24  -0.0428637
       3.25  -0.0437585
       3.26   -0.044649
       3.27  -0.0455348
       3.28  -0.0464161
       3.29  -0.0472925
        3.3  -0.0481642
       3.31  -0.0490308
       3.32  -0.0498924
       3.33  -0.0507487
       3.34  -0.0515998
       3.35  -0.0524454
       3.36  -0.0532854
       3.37  -0.0541196
       3.38   -0.054948
       3.39  -0.0557704
        3.4  -0.0565866
       3.41  -0.0573965
       3.42  -0.0581998
       3.43  -0.0589964
       3.44  -0.0597861
       3.45  -0.0605686
       3.46  -0.0613438
       3.47  -0.0621114
       3.48  -0.0628712
       3.49   -0.063623
        3.5  -0.0643663
       3.51  -0.0651011
       3.52  -0.0658268
       3.53  -0.0665433
       3.54  -0.0672502
       3.55  -0.0679471
       3.56  -0.0686337
       3.57  -0.0693095
       3.58  -0.0699741
       3.59  -0.0706272
        3.6  -0.0712681
       3.61  -0.0718965
       3.62  -0.0725117
       3.63  -0.0731134
       3.64  -0.0737008
       3.65  -0.0742734
       3.66  -0.0748306
       3.67  -0.0753716
       3.68  -0.0758958
       3.69  -0.0764025
        3.7  -0.0768908
       3.71    -0.07736
       3.72  -0.0778092
       3.73  -0.0782376
       3.74  -0.0786441
       3.75  -0.0790279
       3.76  -0.0793879
       3.77   -0.079723
       3.78  -0.0800322
       3.79  -0.0803142
        3.8  -0.0805679
       3.81  -0.0807919
       3.82   -0.080985
       3.83  -0.0811458
       3.84  -0.0812728
       3.85  -0.0813646
       3.86  -0.0814195
       3.87  -0.0814359
       3.88  -0.0814121
       3.89  -0.0813465
        3.9   -0.081237
       3.91  -0.0810819
       3.92   -0.080879
       3.93  -0.0806264
       3.94   -0.080322
       3.95  -0.0799634
       3.96  -0.0795483
       3.97  -0.0790744
       3.98  -0.0785391
       3.99  -0.0779399
          4  -0.0772741
       4.01  -0.0765389
       4.02  -0.0757314
       4.03  -0.0748485
       4.04  -0.0738874
       4.05  -0.0728446
       4.06  -0.0717169
       4.07  -0.0705008
       4.08  -0.0691929
       4.09  -0.0677894
        4.1  -0.0662865
       4.11  -0.0646804
       4.12  -0.0629668
       4.13  -0.0611417
       4.14  -0.0592007
       4.15  -0.0571393
       4.16  -0.0549529
       4.17  -0.0526368
       4.18  -0.0501859
       4.19  -0.0475953
        4.2  -0.0448597
       4.21  -0.0419736
       4.22  -0.0389315
       4.23  -0.0357277
       4.24  -0.0323562
       4.25   -0.028811
       4.26  -0.0250857
       4.27  -0.0211739
       4.28  -0.0170688
       4.29  -0.0127637
        4.3 -0.00825149
       4.31 -0.00352485
       4.32  0.00142368
       4.33  0.00660181
       4.34   0.0120174
       4.35   0.0176787
       4.36    0.023594
       4.37    0.029772
       4.38   0.0362215
       4.39   0.0429515
        4.4   0.0499715
       4.41    0.057291
       4.42   0.0649198
       4.43   0.0728683
       4.44   0.0811466
       4.45   0.0897655
       4.46    0.098736
       4.47    0.108069
       4.48    0.117777
       4.49    0.127871
        4.5    0.138363
       4.51    0.149266
       4.52    0.160592
       4.53    0.172356
       4.54    0.184569
       4.55    0.197246
       4.56    0.210402
       4.57    0.224049
       4.58    0.238204
       4.59    0.252882
        4.6    0.268098
       4.61    0.283867
       4.62    0.300207
       4.63    0.317134
       4.64    0.334666
       4.65    0.352819
       4.66    0.371611
       4.67    0.391062
       4.68    0.411189
       4.69    0.432012
        4.7    0.453551
       4.71    0.475826
       4.72    0.498857
       4.73    0.522666
       4.74    0.547273
       4.75    0.572702
       4.76    0.598974
       4.77    0.626112
       4.78    0.654141
       4.79    0.683083
        4.8    0.712965
       4.81     0.74381
       4.82    0.775644
       4.83    0.808495
       4.84    0.842387
       4.85    0.877349
       4.86     0.91341
       4.87    0.950596
       4.88    0.988938
       4.89     1.02846
        4.9     1.06921
       4.91      1.1112
       4.92     1.15446
       4.93     1.19904
       4.94     1.24496
       4.95     1.29226
       4.96     1.34097
       4.97     1.39113
       4.98     1.44276
       4.99     1.49592
          5     1.55063
       5.01     1.60694
       5.02     1.66488
       5.03     1.72449
       5.04     1.78582
       5.05     1.84889
       5.06     1.91376
       5.07     1.98047
       5.08     2.04906
       5.09     2.11958
        5.1     2.19207
       5.11     2.26657
       5.12     2.34313
       5.13     2.42181
       5.14     2.50265
       5.15      2.5857
       5.16       2.671
       5.17     2.75862
       5.18      2.8486
       5.19       2.941
        5.2     3.03587
       5.21     3.13327
       5.22     3.23325
       5.23     3.33587
       5.24     3.44119
       5.25     3.54927
       5.26     3.66017
       5.27     3.77395
       5.28     3.89067
       5.29      4.0104
        5.3      4.1332
       5.31     4.25914
       5.32     4.38829
       5.33     4.52071
       5.34     4.65647
       5.35     4.79565
       5.36     4.93832
       5.37     5.08454
       5.38      5.2344
       5.39     5.38797
        5.4     5.54533
       5.41     5.70656
       5.42     5.87173
       5.43     6.04093
       5.44     6.21424
       5.45     6.39174
       5.46     6.57352
       5.47     6.75967
       5.48     6.95027
       5.49     7.14541
        5.5     7.34519
       5.51     7.54969
       5.52     7.75902
       5.53     7.97326
       5.54     8.19252
       5.55     8.41689
       5.56     8.64647
       5.57     8.88136
       5.58     9.12168
       5.59     9.36752
        5.6     9.61899
       5.61     9.87619
       5.62     10.1392
       5.63     10.4083
       5.64     10.6834
       5.65     10.9646
       5.66     11.2522
       5.67     11.5463
       5.68     11.8468
       5.69     12.1541
        5.7     12.4681
       5.71      12.789
       5.72      13.117
       5.73     13.4522
       5.74     13.7947
       5.75     14.1447
       5.76     14.5022
       5.77     14.8675
       5.78     15.2406
       5.79     15.6217
        5.8      16.011
       5.81     16.4086
       5.82     16.8146
       5.83     17.2292
       5.84     17.6526
       5.85     18.0849
       5.86     18.5262
       5.87     18.9768
       5.88     19.4368
       5.89     19.9063
        5.9     20.3855
       5.91     20.8747
       5.92     21.3739
       5.93     21.8833
       5.94     22.4032
       5.95     22.9336
       5.96     23.4749
       5.97     24.0271
       5.98     24.5904
       5.99     25.1651
          6     25.7513
       6.01     26.3493
       6.02     26.9592
       6.03     27.5812
       6.04     28.2155
       6.05     28.8624
       6.06     29.5221
       6.07     30.1946
       6.08     30.8804
       6.09     31.5796
        6.1     32.2923
       6.11      33.019
       6.12     33.7596
       6.13     34.5146
       6.14     35.2841
       6.15     36.0684
       6.16     36.8677
       6.17     37.6822
       6.18     38.5122
       6.19     39.3579
        6.2     40.2197
       6.21     41.0977
       6.22     41.9922
       6.23     42.9035
       6.24     43.8318
       6.25     44.7774
       6.26     45.7406
       6.27     46.7217
       6.28     47.7209
       6.29     48.7385
        6.3     49.7748
       6.31     50.8301
       6.32     51.9047
       6.33     52.9989
       6.34      54.113
       6.35     55.2473
       6.36     56.4021
       6.37     57.5778
       6.38     58.7745
       6.39     59.9927
        6.4     61.2327
       6.41     62.4949
       6.42     63.7794
       6.43     65.0868
       6.44     66.4173
       6.45     67.7712
       6.46      69.149
       6.47      70.551
       6.48     71.9775
       6.49      73.429
        6.5     74.9056
       6.51      76.408
       6.52     77.9363
       6.53     79.4911
       6.54     81.0727
       6.55     82.6814
       6.56     84.3177
       6.57      85.982
       6.58     87.6747
       6.59     89.3961
        6.6     91.1468
       6.61     92.9271
       6.62     94.7374
       6.63     96.5783
       6.64       98.45
       6.65     100.353
       6.66     102.288
       6.67     104.255
       6.68     106.255
       6.69     108.288
        6.7     110.355
       6.71     112.455
       6.72     114.591
       6.73     116.761
       6.74     118.967
       6.75     121.209
       6.76     123.488
       6.77     125.803
       6.78     128.156
       6.79     130.547
        6.8     132.977
       6.81     135.446
       6.82     137.955
       6.83     140.504
       6.84     143.093
       6.85     145.724
       6.86     148.397
       6.87     151.112
       6.88      153.87
       6.89     156.671
        6.9     159.517
       6.91     162.408
       6.92     165.344
       6.93     168.325
       6.94     171.354
       6.95     174.429
       6.96     177.553
       6.97     180.724
       6.98     183.945
       6.99     187.216
          7     190.536
       7.01     193.908
       7.02     197.332
       7.03     200.808
