          -1     -9.29436
       -0.99     -9.03398
       -0.98     -8.77948
       -0.97     -8.53077
       -0.96     -8.28773
       -0.95     -8.05026
       -0.94     -7.81826
       -0.93     -7.59164
       -0.92     -7.37028
       -0.91      -7.1541
        -0.9       -6.943
       -0.89     -6.73688
       -0.88     -6.53565
       -0.87     -6.33922
       -0.86     -6.14749
       -0.85     -5.96038
       -0.84     -5.77779
       -0.83     -5.59965
       -0.82     -5.42586
       -0.81     -5.25635
        -0.8     -5.09102
       -0.79     -4.92981
       -0.78     -4.77261
       -0.77     -4.61937
       -0.76     -4.46999
       -0.75      -4.3244
       -0.74     -4.18253
       -0.73      -4.0443
       -0.72     -3.90964
       -0.71     -3.77847
        -0.7     -3.65073
       -0.69     -3.52634
       -0.68     -3.40523
       -0.67     -3.28735
       -0.66     -3.17261
       -0.65     -3.06095
       -0.64     -2.95232
       -0.63     -2.84664
       -0.62     -2.74385
       -0.61      -2.6439
        -0.6     -2.54671
       -0.59     -2.45224
       -0.58     -2.36042
       -0.57     -2.27119
       -0.56      -2.1845
       -0.55     -2.10029
       -0.54     -2.01851
       -0.53      -1.9391
       -0.52     -1.86201
       -0.51     -1.78719
        -0.5     -1.71458
       -0.49     -1.64414
       -0.48     -1.57582
       -0.47     -1.50956
       -0.46     -1.44532
       -0.45     -1.38306
       -0.44     -1.32272
       -0.43     -1.26427
       -0.42     -1.20765
       -0.41     -1.15282
        -0.4     -1.09974
       -0.39     -1.04837
       -0.38    -0.998667
       -0.37    -0.950589
       -0.36    -0.904096
       -0.35    -0.859149
       -0.34     -0.81571
       -0.33    -0.773742
       -0.32    -0.733206
       -0.31    -0.694066
        -0.3    -0.656288
       -0.29    -0.619835
       -0.28    -0.584674
       -0.27    -0.550771
       -0.26    -0.518093
       -0.25    -0.486607
       -0.24    -0.456282
       -0.23    -0.427086
       -0.22     -0.39899
       -0.21    -0.371963
        -0.2    -0.345975
       -0.19    -0.320999
       -0.18    -0.297006
       -0.17    -0.273968
       -0.16    -0.251859
       -0.15    -0.230652
       -0.14    -0.210321
       -0.13    -0.190841
       -0.12    -0.172187
       -0.11    -0.154335
        -0.1    -0.137261
       -0.09    -0.120942
       -0.08    -0.105355
       -0.07   -0.0904771
       -0.06   -0.0762877
       -0.05   -0.0627649
       -0.04   -0.0498881
       -0.03   -0.0376369
       -0.02   -0.0259913
       -0.01   -0.0149321
           0  -0.00444003
        0.01   0.00550328
        0.02     0.014916
        0.03    0.0238159
        0.04    0.0322201
        0.05    0.0401456
        0.06    0.0476089
        0.07     0.054626
        0.08    0.0612126
        0.09     0.067384
         0.1    0.0731551
        0.11    0.0785406
        0.12    0.0835545
        0.13    0.0882106
        0.14    0.0925226
        0.15    0.0965035
        0.16     0.100166
        0.17     0.103523
        0.18     0.106586
        0.19     0.109367
         0.2     0.111878
        0.21     0.114129
        0.22     0.116132
        0.23     0.117897
        0.24     0.119435
        0.25     0.120755
        0.26     0.121867
        0.27     0.122781
        0.28     0.123506
        0.29      0.12405
         0.3     0.124423
        0.31     0.124632
        0.32     0.124686
        0.33     0.124592
        0.34     0.124359
        0.35     0.123993
        0.36     0.123502
        0.37     0.122892
        0.38     0.122171
        0.39     0.121345
         0.4      0.12042
        0.41     0.119402
        0.42     0.118297
        0.43      0.11711
        0.44     0.115848
        0.45     0.114515
        0.46     0.113116
        0.47     0.111657
        0.48     0.110142
        0.49     0.108575
         0.5     0.106961
        0.51     0.105304
        0.52     0.103608
        0.53     0.101877
        0.54     0.100114
        0.55    0.0983242
        0.56    0.0965096
        0.57    0.0946738
        0.58    0.0928199
        0.59    0.0909509
         0.6    0.0890697
        0.61     0.087179
        0.62    0.0852812
        0.63     0.083379
        0.64    0.0814746
        0.65    0.0795702
        0.66    0.0776679
        0.67    0.0757698
        0.68    0.0738777
        0.69    0.0719933
         0.7    0.0701184
        0.71    0.0682545
        0.72     0.066403
        0.73    0.0645654
        0.74     0.062743
        0.75    0.0609369
        0.76    0.0591482
        0.77    0.0573781
        0.78    0.0556273
        0.79    0.0538969
         0.8    0.0521875
        0.81       0.0505
        0.82    0.0488349
        0.83    0.0471928
        0.84    0.0455744
        0.85    0.0439799
        0.86    0.0424099
        0.87    0.0408646
        0.88    0.0393444
        0.89    0.0378494
         0.9    0.0363798
        0.91    0.0349358
        0.92    0.0335174
        0.93    0.0321247
        0.94    0.0307575
        0.95     0.029416
        0.96    0.0280999
        0.97    0.0268092
        0.98    0.0255436
        0.99     0.024303
           1    0.0230871
        1.01    0.0218956
        1.02    0.0207283
        1.03    0.0195848
        1.04    0.0184647
        1.05    0.0173677
        1.06    0.0162934
        1.07    0.0152413
        1.08     0.014211
        1.09     0.013202
         1.1    0.0122139
        1.11    0.0112461
        1.12    0.0102981
        1.13   0.00936941
        1.14   0.00845949
        1.15   0.00756777
        1.16   0.00669369
        1.17   0.00583668
        1.18   0.00499616
        1.19   0.00417155
         1.2   0.00336225
        1.21   0.00256768
        1.22   0.00178723
        1.23    0.0010203
        1.24  0.000266295
        1.25 -0.000475395
        1.26  -0.00120537
        1.27  -0.00192423
        1.28  -0.00263258
        1.29  -0.00333102
         1.3  -0.00402013
        1.31  -0.00470051
        1.32  -0.00537273
        1.33  -0.00603739
        1.34  -0.00669505
        1.35  -0.00734627
        1.36  -0.00799161
        1.37  -0.00863163
        1.38  -0.00926685
        1.39  -0.00989783
         1.4   -0.0105251
        1.41   -0.0111491
        1.42   -0.0117704
        1.43   -0.0123894
        1.44   -0.0130067
        1.45   -0.0136227
        1.46   -0.0142378
        1.47   -0.0148526
        1.48   -0.0154674
        1.49   -0.0160826
         1.5   -0.0166986
        1.51   -0.0173159
        1.52   -0.0179348
        1.53   -0.0185556
        1.54   -0.0191788
        1.55   -0.0198045
        1.56   -0.0204332
        1.57   -0.0210651
        1.58   -0.0217005
        1.59   -0.0223397
         1.6   -0.0229829
        1.61   -0.0236304
        1.62   -0.0242824
        1.63   -0.0249391
        1.64   -0.0256007
        1.65   -0.0262673
        1.66   -0.0269391
        1.67   -0.0276163
        1.68   -0.0282989
        1.69   -0.0289871
         1.7   -0.0296811
        1.71   -0.0303807
        1.72   -0.0310862
        1.73   -0.0317976
        1.74   -0.0325148
        1.75    -0.033238
        1.76   -0.0339672
        1.77   -0.0347022
        1.78   -0.0354431
        1.79   -0.0361899
         1.8   -0.0369425
        1.81   -0.0377008
        1.82   -0.0384647
        1.83   -0.0392343
        1.84   -0.0400092
        1.85   -0.0407895
        1.86    -0.041575
        1.87   -0.0423655
        1.88   -0.0431609
        1.89    -0.043961
         1.9   -0.0447656
        1.91   -0.0455746
        1.92   -0.0463877
        1.93   -0.0472048
        1.94   -0.0480255
        1.95   -0.0488498
        1.96   -0.0496772
        1.97   -0.0505076
        1.98   -0.0513407
        1.99   -0.0521763
           2    -0.053014
        2.01   -0.0538535
        2.02   -0.0546947
        2.03   -0.0555371
        2.04   -0.0563804
        2.05   -0.0572245
        2.06   -0.0580688
        2.07   -0.0589132
        2.08   -0.0597572
        2.09   -0.0606006
         2.1    -0.061443
        2.11    -0.062284
        2.12   -0.0631233
        2.13   -0.0639606
        2.14   -0.0647955
        2.15   -0.0656277
        2.16   -0.0664567
        2.17   -0.0672823
        2.18    -0.068104
        2.19   -0.0689215
         2.2   -0.0697345
        2.21   -0.0705426
        2.22   -0.0713454
        2.23   -0.0721426
        2.24   -0.0729338
        2.25   -0.0737186
        2.26   -0.0744967
        2.27   -0.0752678
        2.28   -0.0760315
        2.29   -0.0767874
         2.3   -0.0775352
        2.31   -0.0782746
        2.32   -0.0790052
        2.33   -0.0797268
        2.34   -0.0804389
        2.35   -0.0811412
        2.36   -0.0818335
        2.37   -0.0825154
        2.38   -0.0831867
        2.39    -0.083847
         2.4    -0.084496
        2.41   -0.0851335
        2.42   -0.0857592
        2.43   -0.0863728
        2.44   -0.0869741
        2.45   -0.0875628
        2.46   -0.0881387
        2.47   -0.0887015
        2.48    -0.089251
        2.49    -0.089787
         2.5   -0.0903094
        2.51   -0.0908178
        2.52   -0.0913121
        2.53   -0.0917922
        2.54   -0.0922579
        2.55    -0.092709
        2.56   -0.0931453
        2.57   -0.0935668
        2.58   -0.0939733
        2.59   -0.0943648
         2.6    -0.094741
        2.61   -0.0951019
        2.62   -0.0954475
        2.63   -0.0957776
        2.64   -0.0960923
        2.65   -0.0963914
        2.66    -0.096675
        2.67   -0.0969429
        2.68   -0.0971952
        2.69   -0.0974319
         2.7   -0.0976531
        2.71   -0.0978586
        2.72   -0.0980486
        2.73    -0.098223
        2.74    -0.098382
        2.75   -0.0985256
        2.76   -0.0986539
        2.77   -0.0987669
        2.78   -0.0988647
        2.79   -0.0989475
         2.8   -0.0990154
        2.81   -0.0990684
        2.82   -0.0991067
        2.83   -0.0991304
        2.84   -0.0991398
        2.85   -0.0991348
        2.86   -0.0991157
        2.87   -0.0990827
        2.88   -0.0990358
        2.89   -0.0989754
         2.9   -0.0989015
        2.91   -0.0988144
        2.92   -0.0987142
        2.93   -0.0986012
        2.94   -0.0984755
        2.95   -0.0983373
        2.96   -0.0981869
        2.97   -0.0980244
        2.98     -0.09785
        2.99    -0.097664
           3   -0.0974665
        3.01   -0.0972578
        3.02    -0.097038
        3.03   -0.0968073
        3.04    -0.096566
        3.05   -0.0963142
        3.06    -0.096052
        3.07   -0.0957797
        3.08   -0.0954974
        3.09   -0.0952053
         3.1   -0.0949034
        3.11   -0.0945921
        3.12   -0.0942713
        3.13   -0.0939411
        3.14   -0.0936017
        3.15   -0.0932532
        3.16   -0.0928955
        3.17   -0.0925288
        3.18   -0.0921531
        3.19   -0.0917683
         3.2   -0.0913745
        3.21   -0.0909716
        3.22   -0.0905595
        3.23   -0.0901381
        3.24   -0.0897074
        3.25   -0.0892671
        3.26   -0.0888171
        3.27   -0.0883571
        3.28    -0.087887
        3.29   -0.0874063
         3.3   -0.0869149
        3.31   -0.0864123
        3.32   -0.0858982
        3.33    -0.085372
        3.34   -0.0848334
        3.35   -0.0842817
        3.36   -0.0837164
        3.37   -0.0831368
        3.38   -0.0825422
        3.39    -0.081932
         3.4   -0.0813052
        3.41   -0.0806611
        3.42   -0.0799987
        3.43   -0.0793171
        3.44   -0.0786151
        3.45   -0.0778917
        3.46   -0.0771457
        3.47   -0.0763758
        3.48   -0.0755807
        3.49    -0.074759
         3.5   -0.0739091
        3.51   -0.0730296
        3.52   -0.0721187
        3.53   -0.0711748
        3.54   -0.0701959
        3.55   -0.0691801
        3.56   -0.0681255
        3.57   -0.0670298
        3.58    -0.065891
        3.59   -0.0647065
         3.6   -0.0634741
        3.61   -0.0621911
        3.62   -0.0608549
        3.63   -0.0594627
        3.64   -0.0580116
        3.65   -0.0564987
        3.66   -0.0549206
        3.67   -0.0532743
        3.68   -0.0515562
        3.69   -0.0497629
         3.7   -0.0478906
        3.71   -0.0459355
        3.72   -0.0438937
        3.73    -0.041761
        3.74   -0.0395331
        3.75   -0.0372057
        3.76    -0.034774
        3.77   -0.0322334
        3.78    -0.029579
        3.79   -0.0268056
         3.8   -0.0239079
        3.81   -0.0208806
        3.82   -0.0177179
        3.83    -0.014414
        3.84   -0.0109629
        3.85  -0.00735835
        3.86  -0.00359398
        3.87  0.000336867
        3.88   0.00444103
        3.89   0.00872557
         3.9    0.0131977
        3.91    0.0178651
        3.92    0.0227352
        3.93    0.0278162
        3.94    0.0331162
        3.95    0.0386437
        3.96    0.0444073
        3.97     0.050416
        3.98    0.0566789
        3.99    0.0632056
           4    0.0700056
        4.01    0.0770892
        4.02    0.0844664
        4.03    0.0921479
        4.04     0.100145
        4.05     0.108467
        4.06     0.117128
        4.07     0.126138
        4.08     0.135509
        4.09     0.145254
         4.1     0.155386
        4.11     0.165918
        4.12     0.176862
        4.13     0.188232
        4.14     0.200044
        4.15      0.21231
        4.16     0.225046
        4.17     0.238267
        4.18     0.251988
        4.19     0.266225
         4.2     0.280994
        4.21     0.296312
        4.22     0.312197
        4.23     0.328664
        4.24     0.345733
        4.25     0.363421
        4.26     0.381747
        4.27     0.400731
        4.28     0.420391
        4.29     0.440747
         4.3     0.461821
        4.31     0.483632
        4.32     0.506202
        4.33     0.529554
        4.34     0.553708
        4.35     0.578689
        4.36     0.604518
        4.37     0.631221
        4.38     0.658821
        4.39     0.687342
         4.4     0.716811
        4.41     0.747253
        4.42     0.778694
        4.43     0.811162
        4.44     0.844683
        4.45     0.879286
        4.46     0.914999
        4.47     0.951852
        4.48     0.989873
        4.49      1.02909
         4.5      1.06955
        4.51      1.11126
        4.52      1.15427
        4.53       1.1986
        4.54       1.2443
        4.55      1.29139
        4.56      1.33991
        4.57      1.38989
        4.58      1.44138
        4.59       1.4944
         4.6        1.549
        4.61      1.60521
        4.62      1.66307
        4.63      1.72262
        4.64      1.78391
        4.65      1.84697
        4.66      1.91184
        4.67      1.97857
        4.68       2.0472
        4.69      2.11778
         4.7      2.19035
        4.71      2.26495
        4.72      2.34163
        4.73      2.42044
        4.74      2.50143
        4.75      2.58465
        4.76      2.67014
        4.77      2.75796
        4.78      2.84816
        4.79      2.94078
         4.8       3.0359
        4.81      3.13355
        4.82      3.23379
        4.83      3.33669
        4.84      3.44229
        4.85      3.55065
        4.86      3.66184
        4.87      3.77591
        4.88      3.89293
        4.89      4.01295
         4.9      4.13605
        4.91      4.26227
        4.92      4.39169
        4.93      4.52438
        4.94       4.6604
        4.95      4.79982
        4.96       4.9427
        4.97      5.08913
        4.98      5.23916
        4.99      5.39288
           5      5.55035
        5.01      5.71165
        5.02      5.87687
        5.03      6.04606
        5.04      6.21931
        5.05      6.39671
        5.06      6.57833
        5.07      6.76425
        5.08      6.95457
        5.09      7.14935
         5.1      7.34869
        5.11      7.55267
        5.12      7.76138
        5.13      7.97492
        5.14      8.19337
        5.15      8.41682
        5.16      8.64537
        5.17      8.87911
        5.18      9.11815
        5.19      9.36257
         5.2      9.61247
        5.21      9.86796
        5.22      10.1291
        5.23      10.3961
        5.24       10.669
        5.25      10.9478
        5.26      11.2328
        5.27       11.524
        5.28      11.8215
        5.29      12.1255
         5.3       12.436
        5.31      12.7532
        5.32      13.0772
        5.33       13.408
        5.34       13.746
        5.35       14.091
        5.36      14.4433
        5.37      14.8031
        5.38      15.1703
        5.39      15.5452
         5.4      15.9279
        5.41      16.3185
        5.42      16.7171
        5.43       17.124
        5.44      17.5391
        5.45      17.9627
        5.46      18.3949
        5.47      18.8358
        5.48      19.2857
        5.49      19.7445
         5.5      20.2126
        5.51        20.69
        5.52      21.1768
        5.53      21.6733
        5.54      22.1796
        5.55      22.6958
        5.56      23.2222
        5.57      23.7588
        5.58      24.3059
        5.59      24.8635
         5.6       25.432
        5.61      26.0114
        5.62      26.6018
        5.63      27.2036
        5.64      27.8168
        5.65      28.4417
        5.66      29.0784
        5.67      29.7271
        5.68       30.388
        5.69      31.0613
         5.7      31.7472
        5.71      32.4458
        5.72      33.1573
        5.73       33.882
        5.74      34.6201
        5.75      35.3717
        5.76      36.1371
        5.77      36.9164
        5.78      37.7099
        5.79      38.5178
         5.8      39.3403
        5.81      40.1776
        5.82      41.0299
        5.83      41.8974
        5.84      42.7805
        5.85      43.6792
        5.86      44.5938
        5.87      45.5247
        5.88      46.4719
        5.89      47.4357
         5.9      48.4164
        5.91      49.4142
        5.92      50.4294
        5.93      51.4622
        5.94      52.5128
        5.95      53.5815
        5.96      54.6686
        5.97      55.7743
        5.98      56.8989
        5.99      58.0426
           6      59.2057
        6.01      60.3886
        6.02      61.5913
        6.03      62.8143
        6.04      64.0579
        6.05      65.3222
        6.06      66.6076
        6.07      67.9143
        6.08      69.2427
        6.09      70.5931
         6.1      71.9657
        6.11      73.3608
        6.12      74.7788
        6.13        76.22
        6.14      77.6846
        6.15      79.1731
        6.16      80.6856
        6.17      82.2225
        6.18      83.7842
        6.19       85.371
         6.2      86.9831
        6.21       88.621
        6.22       90.285
        6.23      91.9754
        6.24      93.6925
        6.25      95.4368
        6.26      97.2085
        6.27       99.008
        6.28      100.836
        6.29      102.692
         6.3      104.577
        6.31      106.491
        6.32      108.436
        6.33       110.41
        6.34      112.414
        6.35      114.449
        6.36      116.516
        6.37      118.614
        6.38      120.744
        6.39      122.906
         6.4      125.101
        6.41      127.329
        6.42      129.591
        6.43      131.887
        6.44      134.217
        6.45      136.582
        6.46      138.982
        6.47      141.419
        6.48      143.891
        6.49        146.4
         6.5      148.945
        6.51      151.529
        6.52       154.15
        6.53      156.809
        6.54      159.508
        6.55      162.246
        6.56      165.023
        6.57      167.841
        6.58        170.7
        6.59        173.6
         6.6      176.541
        6.61      179.525
        6.62      182.551
        6.63      185.621
        6.64      188.734
        6.65      191.892
        6.66      195.094
        6.67      198.342
        6.68      201.635
        6.69      204.975
         6.7      208.362
        6.71      211.796
        6.72      215.278
        6.73      218.808
        6.74      222.388
        6.75      226.017
        6.76      229.697
        6.77      233.427
        6.78      237.208
        6.79      241.042
         6.8      244.927
        6.81      248.866
        6.82      252.859
        6.83      256.906
        6.84      261.008
        6.85      265.165
        6.86      269.379
        6.87      273.649
        6.88      277.977
        6.89      282.363
         6.9      286.807
        6.91      291.311
        6.92      295.874
        6.93      300.499
        6.94      305.184
        6.95      309.932
        6.96      314.742
        6.97      319.616
        6.98      324.553
        6.99      329.555
           7      334.623
        7.01      339.756
        7.02      344.957
        7.03      350.225
